Si,Al,Fe,Mg,Ca,Na,K,Ti,Mn,Sr,Y,La,Ce,Pr,Nd,Sm,Eu,Gd,Tb,Dy,Ho,Er,Tm,Yb,Lu
232735.847,79228.82877,60241.12527,52102.30149,63250.13285,20252.7091,16768.98509,5094.414631,1703.806797,752,16.3,15.7,37.8,4.78,20,4.2,1.17,3.74,0.6,2.92,0.52,1.62,0.22,1.42,0.21
266437.9047,91084.0443,42285.38341,20503.22049,48956.31752,28413.14133,17516.11809,3356.320227,1394.023743,1062,15.8,23.9,50.5,5.24,18.5,3.5,1.14,2.94,0.51,2.44,0.5,1.45,0.25,1.59,0.24
289529.1898,94947.57436,21919.99655,7779.163069,36878.04356,33680.32942,15938.83732,1917.897273,929.3491622,1391,11.2,29.1,52.7,5.33,17.4,3.1,0.88,2.13,0.37,1.94,0.34,1.09,0.2,1.26,0.2
301962.9587,93148.122,19043.96863,4643.376406,22727.16638,34867.30138,28889.14264,1498.357244,851.9033987,1091,12.6,50.8,94.1,8.53,26,4,1.13,2.49,0.35,1.86,0.38,1.1,0.19,1.34,0.22
229473.6679,88449.47584,73533.03807,44621.32256,36418.22226,37150.77778,648.2991663,9185.548261,1436.419638,1630.405,20.053,24.39,47.384,5.569,22.578,4.568,1.489,4.219,0.614,3.94,0.741,2.042,0.287,1.955,0.264
213956.1585,87099.06819,90245.09217,38711.39442,70764.862,15080.59506,1049.664418,14165.54707,1431.208746,483.6666667,19.86666667,13.9,30.93333333,3.966666667,18.13333333,4.546666667,1.596666667,4.676666667,0.667,4.093333333,0.759,1.993333333,0.264333333,1.726666667,0.229333333
215153.2377,80554.59943,103381.544,26906.53879,60394.71249,15762.16438,2164.670838,20837.73727,1645.481642,471.3333333,33.33333333,30.6,65.86666667,8.193333333,37.03333333,8.303333333,2.716666667,8.266666667,1.193333333,7.006666667,1.24,3.39,0.445333333,2.74,0.402
218974.8357,84052.09817,86358.56796,43425.20267,68852.5985,15593.41359,1454.102038,14230.89318,1281.190044,489.3333333,23.33333333,20,41.6,5.146666667,22.23333333,5.743333333,2.016666667,5.356666667,0.806333333,5.003333333,0.901,2.2,0.304666667,1.913333333,0.283
236255.8721,82971.03853,73299.84661,39781.01062,64965.30721,19431.57379,1610.679531,8430.767252,1051.839403,490.6666667,17.23333333,12,25.1,3.146666667,14.5,3.59,1.3,3.77,0.549666667,3.493333333,0.675,1.703333333,0.237,1.586666667,0.22
212464.8931,85344.16048,81228.356,47122.88923,66920.00057,16408.19134,13912.27754,13139.3009,1509.183464,566.861,21.294,25.49266667,49.279,5.956,24.81166667,5.482333333,1.798,4.873666667,0.686333333,4.230666667,0.742333333,2.188333333,0.348666667,1.941666667,0.286
243296.5348,86061.97277,70579.27967,32686.75229,57721.59674,21382.82619,10208.04158,10258.91944,2437.949204,426.8896667,19.903,21.15066667,40.878,4.821,19.52366667,4.587666667,1.437333333,4.150333333,0.635,3.751333333,0.713,2.078666667,0.304666667,1.857333333,0.274666667
236722.7559,80656.5971,69024.66998,44301.13642,54947.35163,26307.58389,9812.838263,9133.848901,1286.176142,503.8443333,17.58233333,18.429,37.60166667,4.525333333,17.96033333,4.140666667,1.322666667,4.015,0.578,3.781666667,0.657,1.898333333,0.287666667,1.731,0.248
228098.3582,95688.18444,84337.57537,20495.435,42312.06416,37117.93364,5791.793182,11230.33751,1852.54388,933.586,20.772,30.11033333,67.647,8.208,32.923,6.179666667,1.653333333,4.745666667,0.622333333,4.179666667,0.763333333,1.944333333,0.278333333,1.898666667,0.256
311366.6473,90507.23175,31558.57659,4299.373451,18966.29381,32175.41052,19399.78518,2077.174182,1227.007331,690,19.5,41.9,81.5,8.73,31.23333333,5.413333333,1.433333333,3.856666667,0.528333333,3.213333333,0.714333333,1.896666667,0.323333333,2.126666667,0.357
327818.4621,79627.0389,24018.71962,3727.732543,18455.58543,17529.87076,41880.88175,1971.96496,463.2962711,182.6666667,19.46666667,27.9,56.86666667,5.97,22.5,4.176666667,0.839,3.463333333,0.521666667,3.393333333,0.697,1.943333333,0.326666667,2.2,0.351
280824.4006,94354.13116,48348.36118,6548.13446,38661.65743,24386.33018,23109.27156,4141.475929,764.5033686,355.3333333,30.96666667,33,68.3,7.76,31.36666667,6.44,1.57,5.88,0.854666667,5.656666667,1.143333333,3.22,0.470333333,3.236666667,0.513333333
221909.9347,76699.84524,71978.42838,58477.00311,75490.93085,19770.50781,2745.245005,6936.958696,1506.518416,437.1606667,17.476,12.52,27.27466667,3.449333333,15.45166667,3.516,1.159,3.292666667,0.552333333,3.207,0.637666667,1.932,0.233666667,1.793,0.269
270210.589,97939.86796,52079.42442,11195.13942,41991.71665,27764.39278,16231.14254,6332.681313,1529.523502,710.2006667,26.47433333,25.17066667,50.66766667,5.955333333,26.144,5.429,1.497,5.317,0.762333333,4.871,1.034333333,2.897333333,0.448333333,2.631,0.393333333
234805.1318,83261.72233,74698.99533,34675.25632,61678.31399,20057.09232,3903.328125,9569.767389,1137.960897,436.48,21.789,15.15,32.799,4.02,17.253,4.193,1.341,4.4,0.629,4.541,0.888,2.187,0.312,2.084,0.301
247016.3719,82750.11723,68791.47853,26492.31519,53774.3189,24388.78484,11533.84633,9558.579904,1591.282796,457.281,24.732,28.578,59,6.758,27.275,5.491,1.574,5.234,0.758,4.771,0.934,2.485,0.363,2.435,0.353
262264.052,84469.90661,70423.8187,16353.98559,43071.11385,26601.454,17510.21124,11317.48412,2022.496114,418.823,30.122,35.717,75.553,8.344,32.625,7.273,1.957,6.515,0.95,5.938,1.114,3.235,0.45,3.16,0.45
359557.1716,68230.17114,4663.829053,180.7963792,428.5433278,25503.76131,38660.4265,479.1711526,77.39679456,19.857,37.492,20.355,53.086,4.693,16.818,4.61,0.125,4.805,0.9,6.304,1.207,3.695,0.603,3.997,0.614
354813.3018,69894.49754,10104.96295,359.8138627,781.7975996,29730.96464,38222.56931,655.6189902,231.0480974,27.185,39.20266667,18.21366667,55.29,3.684333333,14.30233333,3.548333333,0.139333333,4.594333333,0.861333333,6.56,1.405,4.348666667,0.645,4.581,0.675666667
258545.7318,88687.38075,58764.24607,25458.52449,53568.29276,26876.75298,10439.40272,7297.681262,1545.885623,901.777,22.656,27.962,63.835,7.873,31.595,6.213,1.515,4.879,0.699,4.44,0.875,2.387,0.345,2.295,0.326
270112.6071,86186.08815,50447.08425,21172.47431,46753.83639,24265.51781,17521.01243,6534.66298,1239.478453,806.307,23.247,20.875,47.059,5.813,24.845,4.739,1.398,4.725,0.72,4.266,0.842,2.378,0.337,2.335,0.354
310372.5751,82649.49725,36377.86661,4840.060067,11968.16157,32417.65789,33314.47702,3682.049481,844.1369672,235.939,32.39166667,48.74833333,89.22533333,10.031,37.32133333,7.525333333,1.512,6.549666667,0.959333333,6.213,1.198333333,3.511666667,0.502666667,3.345666667,0.481666667
276595.9111,90299.5316,45472.33326,11670.2339,35777.20873,30544.76981,20491.59397,7160.462215,1070.547705,576.5753333,23.028,32.75733333,62.11166667,7.030666667,27.52033333,5.680666667,1.519,5.145666667,0.706333333,4.410333333,0.834333333,2.313333333,0.364,2.427,0.316666667
281885.3597,85828.88087,41819.00051,10629.85529,31145.10965,29858.91218,23900.90918,6573.627155,834.2611763,469.905,25.29333333,35.65833333,66.548,7.483666667,29.54166667,6.136666667,1.48,5.395,0.771666667,5.142333333,0.942333333,2.591333333,0.383,2.497,0.353666667
282191.4514,89008.88191,41974.46148,12042.65052,34911.41629,28104.78022,19747.42321,6688.503603,909.7617269,532.903,22.979,30.189,57.949,6.974666667,26.957,5.419666667,1.412,5.173,0.691333333,4.636,0.873666667,2.363666667,0.391333333,2.335333333,0.365333333
347677.9393,68953.73189,7462.126484,475.0831734,6404.659711,26373.28183,39403.87599,295.1085974,152.5331177,88.65933333,17.304,14.49733333,29.353,2.963333333,11.09333333,2.938333333,0.279333333,2.804,0.408666667,3.086666667,0.586333333,1.803666667,0.305666667,2.254666667,0.272
310031.0326,83129.25528,32957.72531,4123.399785,19122.51998,31170.91293,29533.37267,3385.426638,383.7345112,296.7783333,29.284,47.56533333,93.72733333,9.509,36.58533333,6.977666667,1.634666667,5.677,0.870666667,5.291333333,1.047,2.878,0.447333333,3.195666667,0.475
325107.5882,76230.61888,19821.27347,3080.920902,10954.10273,28571.99626,35561.16158,2119.883057,152.1814442,228.9973333,25.23033333,37.687,70.05166667,7.226666667,28.23166667,5.548,0.914333333,4.677333333,0.715333333,4.487333333,0.949,2.677333333,0.427666667,2.877333333,0.403
244767.5572,81800.78904,61484.81301,33701.24383,49857.13783,25696.20422,16592.15939,8141.11108,1277.399872,460.372,25.27733333,27.54933333,53.308,5.9,24.865,5.289,1.127,4.941,0.74,4.960666667,0.935333333,2.646333333,0.37,2.443333333,0.367666667
313087.9098,83304.05911,25495.59882,10854.64614,28230.28528,28190.58409,24987.44809,2876.845909,619.5661082,542.0956667,12.32933333,36.74066667,63.39833333,6.045666667,20.255,3.073,0.768333333,2.309666667,0.353,2.000333333,0.405,1.215,0.194,1.483333333,0.218333333
246478.4336,98916.95455,58453.32413,25508.41844,60248.43163,28413.14133,10293.83243,7671.589091,1239.132216,574.976,22.826,32.187,62.528,7.301333333,28.313,5.419666667,1.424333333,4.707,0.649666667,3.852666667,0.827666667,2.131333333,0.323666667,2.046666667,0.318333333
289856.3943,87326.36437,34590.06547,18392.59485,38093.01786,25890.82592,23742.22642,3955.663125,619.5661082,1127.329333,13.49666667,28.48133333,59.14366667,6.921,27.52033333,4.912,1.221666667,3.557,0.451333333,2.504,0.492,1.289333333,0.199666667,1.444,0.189333333
213991.7067,36835.84824,68791.47853,134959.4337,75471.34496,8531.360975,3403.605886,4195.400284,1239.132216,246.068,10.66366667,7.281333333,15.475,1.954,9.071666667,2.387,0.614666667,1.957666667,0.354333333,1.911333333,0.363,1.057333333,0.146666667,0.968333333,0.132
281582.7962,87643.91479,45316.8723,20382.61331,40237.09016,24703.85395,17101.04421,4674.874602,774.4576352,470.7256667,16.92966667,30.46566667,59.31566667,6.362,23.374,4.217666667,1.133333333,3.433333333,0.512,3.060333333,0.632,1.639,0.245333333,1.853,0.218333333
326129.3441,80128.55495,20676.3088,2653.357946,1500.85061,39095.88899,32956.86675,2457.305881,387.2288176,111.974,39.41333333,47.851,94.05233333,9.945333333,37.549,7.318,1.150333333,6.333666667,0.967666667,6.567666667,1.337,4.255,0.697333333,4.658333333,0.722666667
264334.4476,89549.21729,59308.35945,22975.66767,50600.10628,21736.42405,16851.99987,6233.166136,1316.57798,299.43,23.52633333,21.63933333,47.316,5.474666667,21.654,4.957666667,1.117333333,4.513333333,0.642666667,4.212333333,0.901,2.362666667,0.374666667,2.452333333,0.395333333
312293.2705,81398.75661,27672.05238,8502.806145,27372.65636,25000.59694,26398.69931,2577.17446,542.1203446,387.2693333,11.875,21.70366667,38.72966667,3.958333333,14.43833333,2.775666667,0.800666667,2.156333333,0.342666667,2.055,0.383333333,1.157333333,0.201666667,1.614333333,0.216666667
239217.3832,97785.87316,67392.32981,28893.00192,68414.00931,20289.87187,7291.994713,7059.364954,1314.179996,403.9953333,17.77133333,12.89766667,29.07033333,3.602333333,15.61166667,3.738,1.173333333,3.549333333,0.512333333,3.185,0.631333333,1.825333333,0.261666667,1.941666667,0.261333333
258761.6707,91900.08355,63583.53609,21635.27184,51066.20683,21606.65382,14975.37249,6281.71019,1248.782609,410.05,25.994,25.225,53.857,6.163,26.169,5.384,1.37,4.779,0.769,5.054,0.901,2.721,0.387,2.675,0.41
234752.8441,93969.9384,84881.68876,31221.40761,68994.42132,15675.51089,6068.719166,9243.040487,1628.679884,391.6666667,20.56666667,14.23333333,32.6,4.11,18.16666667,4.146666667,1.336666667,4.03,0.621333333,3.813333333,0.779666667,2.126666667,0.299666667,2.046666667,0.317333333
232678.4049,92196.55376,87990.90813,31027.95936,65207.80968,16940.11316,7201.699722,9562.153103,1544.500343,379.6666667,19.66666667,13.3,28.46666667,3.446666667,14.9,3.47,1.296666667,3.333333333,0.529333333,3.66,0.770666667,2.12,0.297666667,2.21,0.338
308819.1497,85937.57388,38865.24211,4568.32851,21870.41962,31057.77484,24162.33102,2927.332217,1003.555943,234.6666667,42.66666667,35.53333333,73.76666667,8.44,33.53333333,6.936666667,1.46,6.68,1.073333333,7.36,1.506666667,4.4,0.686,5.06,0.781666667
245240.2361,93766.87184,65993.1811,32357.39674,61286.61234,19755.67717,8496.28913,6431.847929,1308.227383,476,20.2,17.63333333,37.86666667,4.573333333,19.5,4.12,1.266666667,4.036666667,0.575333333,3.71,0.736333333,2.143333333,0.299333333,1.976666667,0.299333333
318345.1719,89559.61516,22464.10994,2753.1343,15746.98978,32175.72301,28754.59375,2438.852976,230.5925769,257,11.7,27.96666667,47.73333333,4.6,15.8,2.65,0.899,2.29,0.324333333,1.85,0.400666667,1.093333333,0.194,1.47,0.238666667
315986.0063,79652.22932,19588.08202,4522.769226,17081.10932,29896.85629,26979.80275,2457.305881,542.1203446,177.4106667,24.69633333,45.971,84.91533333,8.755666667,31.71333333,5.954666667,1.122,5.002333333,0.828666667,4.953333333,0.896666667,2.562666667,0.393333333,2.631,0.33
282377.4355,87167.58917,45394.60278,20081.09536,41452.06447,24481.29671,17350.08854,4674.874602,774.4576352,501.8896667,17.47766667,29.62833333,55.35433333,6.048333333,23.26866667,4.558,1.078,3.745666667,0.535333333,3.451666667,0.611333333,1.825,0.272666667,1.899,0.261666667
239653.8838,84045.01008,76020.41356,33770.01022,51457.7352,25742.45442,16768.98509,11087.84361,1626.361034,473.0033333,23.07866667,26.162,52.71566667,6.268333333,25.51666667,5.260666667,1.728666667,4.862,0.721,4.357333333,0.834,2.378666667,0.345666667,2.386333333,0.322
235213.252,91719.14513,62728.50076,50232.89021,67538.27745,19881.78036,6143.09355,5394.086079,1006.794926,539.368,10.157,12.61733333,25.116,2.721333333,11.482,2.456666667,0.887,2.205666667,0.308,2.052666667,0.384,1.097,0.170333333,1.075,0.142333333
336366.1689,74518.4976,20132.19541,2653.357946,10220.07796,30119.41353,35364.2953,2037.765852,387.2288176,161.2503333,28.98633333,36.17733333,66.64733333,7.398333333,29.04633333,5.57,0.942333333,5.151333333,0.808666667,5.159333333,1.115333333,3.282666667,0.484333333,3.772,0.454333333
327578.3924,79387.60398,21609.07461,3015.179484,10720.3615,30119.41353,36277.45785,2277.503011,232.3372906,218.9903333,23.13966667,42.77266667,84.94533333,8.676,30.921,6.057,1.053666667,4.829333333,0.730333333,4.403,0.823333333,2.323,0.353,2.369666667,0.353333333
254097.6228,85103.51146,60474.31672,29006.02664,53673.27658,27300.35512,13448.39399,7731.52338,1239.132216,390.8263333,19.47166667,20.75133333,42.546,4.673,19.24666667,4.341,1.252666667,3.521333333,0.588333333,3.878666667,0.667,2.120666667,0.308333333,1.758,0.263666667
238017.8616,84521.3357,84648.49731,38594.2974,54673.84365,19510.85162,4648.827551,14024.62381,1548.91527,504.5983333,14.941,13.20666667,31.21733333,3.977666667,17.30766667,4.085666667,1.420666667,3.526666667,0.555,2.928,0.543333333,1.520666667,0.217,1.391,0.181333333
302851.0851,88120.24041,28604.81819,7718.859479,20082.81054,40134.48946,17516.11809,3536.123096,387.2288176,414.6666667,25.7,50.13333333,89.3,9.62,36.56666667,6.143333333,1.373333333,5.033333333,0.755,4.783333333,0.992,2.783333333,0.448,2.86,0.441
235587.2,91930.8454,61640.27398,50051.97944,67752.68468,19807.59461,6060.078772,4914.611761,1006.794926,548.3333333,9.453333333,11.5,22.1,2.693333333,11.27333333,2.386666667,1.023333333,2.26,0.318,1.883333333,0.356666667,1.023,0.159,1.173333333,0.170666667
245964.2552,89866.7677,67547.79078,21106.25639,47669.87414,30045.22778,21832.88653,13005.74088,1084.240689,631.5466667,19.16866667,31.10833333,60.32733333,6.791666667,26.94566667,4.935333333,1.584,4.48,0.598333333,3.560666667,0.659,1.731,0.244666667,1.648,0.233666667
269276.091,99097.44418,49047.93554,11821.44304,39286.43943,29310.47348,23319.85277,6237.896822,1017.341165,934.617,25.608,32.815,71.264,8.395,34.218,6.564,1.923,5.931,0.765,4.765,0.888,2.657,0.371,2.52,0.391
318323.1809,82033.85744,22075.45752,542.7323071,5288.711674,39466.81773,44412.90607,719.2114773,77.44576352,16.4,41.3,164,288,30.6,106.12,17.32,1.46,11.6,1.69,9.13,1.63,4.07,0.518,3.08,0.419
304767.5682,84944.73625,35989.21419,603.0358968,12149.74303,38131.47427,46986.36418,1378.488665,1084.240689,81,49.5,179,325,32.4,115.03,18.21,2.89,12.7,1.84,10.2,1.96,5.43,0.759,4.73,0.731
292614.2603,85209.3616,35678.29225,14472.86152,35019.84757,25965.01166,25734.58109,4794.743182,774.4576352,431,18,36,73,8.5,31,5.9,1.2,5.1,0.63,3.7,0.66,1.72,0.24,1.5,0.27
296353.7397,83621.60952,35678.29225,14472.86152,34305.1568,25223.15419,26564.72886,4794.743182,774.4576352,414,19,38,76,8.6,32,6,1.2,5.1,0.64,3.5,0.63,1.7,0.23,1.4,0.26
251947.4222,86797.11368,59463.82042,39800.36919,57175.26134,24481.29671,12452.21665,7192.114773,774.4576352,519,18,27,59,7.5,31,6.2,1.7,5.5,0.7,4.1,0.7,1.94,0.28,1.67,0.34
322062.6603,80975.35606,23085.95381,5427.323071,21440.723,25223.15419,31545.61553,2996.714489,774.4576352,244,24,34,66,7.2,26,4.9,0.9,4.6,0.64,3.9,0.79,2.34,0.35,2.32,0.47
291679.3905,81504.60675,36377.86661,14472.86152,37163.91987,23739.43924,24074.28553,4794.743182,774.4576352,368,18,35,73,8.3,30,5.9,1.1,5.1,0.65,3.7,0.68,1.87,0.27,1.72,0.34
281863.2571,83092.35883,43373.61019,19900.1846,42166.75523,24481.29671,23244.13776,5394.086079,774.4576352,409,21,33,72,8.3,33,6.2,1.4,5.9,0.76,4.3,0.83,2.32,0.34,2.1,0.41
267840.2095,83092.35883,56743.25348,37991.2615,44310.82753,17804.57943,23244.13776,5993.428977,774.4576352,457,20,41,86,10,36,6.6,1.5,4.9,0.7,4,0.8,2,0.3,1.8,0.3
286070.1714,83092.35883,38087.93726,24121.43587,35734.53833,16320.86447,26564.72886,5394.086079,774.4576352,426,25,45,88,10,38,7.2,1.5,5.5,0.9,4.5,0.9,2.3,0.4,2.2,0.3
272514.5587,79916.85467,58297.86316,37388.2256,39307.99217,17804.57943,21583.8422,5993.428977,774.4576352,381,24,40,78,10,35,6.3,1.5,5.4,0.8,4.6,1,2.5,0.5,2.7,0.4
283732.9968,80975.35606,50524.81474,31357.86663,33590.46603,19288.29438,24904.43331,5394.086079,774.4576352,422,21,52,105,12,46,9,1.5,5.9,0.7,3.9,0.8,2.4,0.4,1.7,0.4
289809.6508,87326.36437,38087.93726,18091.0769,35019.84757,19288.29438,26564.72886,5394.086079,774.4576352,384,29,42,81,10,36,6.8,1.6,5.7,0.9,5,1,3,0.5,2.5,0.4
257556.6413,75682.84912,65293.60674,43418.58457,52887.11674,20030.15185,20753.69442,7791.45767,774.4576352,895,25,65,113,13,47,8.4,1.9,6.4,0.8,4.7,0.9,2.6,0.4,2.4,0.3
254284.5968,87855.61507,63738.99705,36182.15381,52172.42597,15579.007,21583.8422,8390.800568,774.4576352,732,27,61,118,13,50,9.1,2.1,8.6,1.2,5.9,1.1,2.8,0.4,2.1,0.3
253817.1619,88384.86576,66070.91158,41006.44098,55031.18904,13353.43457,19923.54665,7791.45767,774.4576352,663,28,51,100,11,43,7.8,1.9,8,1.1,5.8,1.1,3,0.5,2.3,0.3
265035.6,90501.86853,59852.47284,31357.86663,47169.5906,16320.86447,22413.98998,8390.800568,774.4576352,679,26,67,121,15,55,9.7,2.2,9,1.1,5.3,1,2.6,0.3,2,0.3
249610.2476,83621.60952,65293.60674,42815.54867,56460.57057,19288.29438,20753.69442,8390.800568,774.4576352,921,24,66,118,15,51,8.9,2.1,8.3,1,5.2,1,2.9,0.4,2.3,0.3
272981.9936,82563.10814,53634.03411,37388.2256,41452.06447,19288.29438,24074.28553,6592.771875,774.4576352,629,23,55,103,13,44,7.9,1.7,7,0.9,4.5,0.9,2.4,0.3,2.1,0.3
253817.1619,84150.86021,65293.60674,39800.36919,53601.8075,17804.57943,21583.8422,8390.800568,774.4576352,860,25,64,115,14,51,8.6,2.1,8.2,1,5.1,1,2.9,0.4,2.4,0.4
270644.819,83621.60952,55965.94863,35579.11791,45025.5183,17804.57943,23244.13776,7791.45767,774.4576352,493,24,44,92,11,40,7.6,1.8,7.1,1.1,4.6,0.9,2.4,0.3,2.1,0.3
235587.2,81504.60675,73066.65516,53670.19482,56460.57057,16320.86447,17433.10332,13185.54375,774.4576352,462,35,34,75,9,42,9.8,2.2,8.6,1.2,7,1.3,3.4,0.4,2.8,0.4
265035.6,87855.61507,63738.99705,36785.18971,40737.3737,17062.72195,22413.98998,7192.114773,774.4576352,495,26,50,94,11,41,7.7,1.9,6.1,0.9,4.7,0.9,2.5,0.4,2.4,0.4
271579.6889,80975.35606,62961.69221,37991.2615,40022.68293,15579.007,22413.98998,7192.114773,774.4576352,491,27,46,94,10,40,7.6,1.8,6.3,0.9,5.4,1,2.7,0.4,2.5,0.4
264568.1651,82563.10814,61407.08253,30754.83074,51457.7352,20030.15185,24904.43331,7791.45767,774.4576352,678,24,60,113,13,49,8.6,1.9,6.1,0.9,5.1,0.9,2.5,0.4,2.1,0.3
268307.6444,81504.60675,59852.47284,35579.11791,43596.13677,20030.15185,24074.28553,7791.45767,774.4576352,594,23,58,120,13,50,8.7,2.1,6.5,0.9,4.9,0.9,2.5,0.3,2.1,0.3
252414.8571,81504.60675,69957.43579,45227.69226,53601.8075,19288.29438,18263.25109,8390.800568,774.4576352,486,22,37,71,8,32,6.2,1.5,5.3,0.8,4.4,0.8,2.5,0.4,2.1,0.3
277188.9079,82563.10814,52079.42442,31357.86663,41452.06447,22255.72428,23244.13776,5993.428977,774.4576352,569,21,42,79,9,35,6.5,1.5,5.1,0.7,4.2,0.8,2.1,0.3,1.9,0.3
266437.9047,83092.35883,60629.77769,32563.93843,50743.04444,21513.86681,20753.69442,7192.114773,774.4576352,650,22,47,86,10,38,7.1,1.7,5.5,0.8,4.6,0.8,2.3,0.3,2,0.3
259426.3809,79387.60398,62961.69221,44624.65637,50743.04444,20030.15185,19923.54665,7192.114773,774.4576352,648,23,48,90,10,40,7.2,1.7,5.5,0.8,4.4,0.8,2.2,0.3,2,0.3
254752.0317,82033.85744,62961.69221,31960.90253,57175.26134,20772.00933,17433.10332,7791.45767,774.4576352,563,22,39,74,9,33,6.2,1.7,5.2,0.7,4,0.8,2.1,0.3,1.9,0.3
259893.8159,83092.35883,62184.38737,33166.97433,49313.6629,22255.72428,19923.54665,7791.45767,774.4576352,632,22,48,92,92,42,7.7,1.8,5.8,0.8,4.6,0.8,2.3,0.3,1.8,0.3
272514.5587,83621.60952,55965.94863,23518.39998,42881.446,26706.86914,25734.58109,8390.800568,774.4576352,672,20,54,103,13,46,8.2,2,6.2,0.8,4,0.7,1.7,0.3,1.5,0.2
268307.6444,83092.35883,58297.86316,28342.68715,44310.82753,24481.29671,23244.13776,8390.800568,774.4576352,660,20,53,101,12,46,8.4,1.8,6.2,0.8,4.3,0.7,1.9,0.3,1.5,0.2
260361.2508,80975.35606,59075.168,28945.72305,47884.28137,20772.00933,26564.72886,8390.800568,774.4576352,805,22,59,113,14,51,9.5,2.1,6.7,0.9,4.7,0.8,2.1,0.3,1.6,0.2
252882.292,82033.85744,62184.38737,28342.68715,61463.40594,20772.00933,19093.39887,7791.45767,774.4576352,592,22,39,74,9,34,7.1,1.6,5.8,0.9,4.6,0.8,2.2,0.3,1.8,0.3
246338.2032,80975.35606,66848.21642,36182.15381,64322.169,19288.29438,16602.95554,7192.114773,774.4576352,546,21,34,65,8,30,6,1.5,5,0.7,4.2,0.8,2.2,0.3,1.9,0.3
244468.4635,80446.10536,71512.04548,45830.72816,57175.26134,19288.29438,14942.65999,7192.114773,774.4576352,629,22,40,73,8,32,6.1,1.5,4.9,0.7,4.4,0.8,2.2,0.3,1.9,0.3
247740.5079,80446.10536,73066.65516,45830.72816,60034.0244,17804.57943,14942.65999,7192.114773,774.4576352,678,23,44,86,9,35,6.8,1.6,5.7,0.8,4.5,1,2.7,0.4,2.2,0.3
252414.8571,78858.35328,65293.60674,43418.58457,55031.18904,19288.29438,16602.95554,7192.114773,774.4576352,596,23,40,83,9,36,6.8,1.7,5.7,0.8,4.4,0.8,2.3,0.3,1.9,0.3
256154.3365,82563.10814,66848.21642,40403.40509,51457.7352,20030.15185,17433.10332,7192.114773,774.4576352,570,23,37,76,9,34,7.6,1.7,6,0.9,4.5,0.9,2.4,0.3,2.2,0.3
271112.2539,86267.86299,56743.25348,25327.50767,40022.68293,20772.00933,29885.31997,8390.800568,774.4576352,914,23,76,141,16,58,9.9,2.1,6.3,0.8,4.3,0.8,2.1,0.3,2,0.2
257556.6413,77799.8519,66070.91158,43418.58457,54316.49827,19288.29438,17433.10332,7192.114773,774.4576352,527,21,33,69,7,30,5.9,1.5,5,0.7,3.8,0.7,2.1,0.3,2,0.2
250545.1174,89972.61784,67625.52127,44021.62047,52887.11674,20030.15185,16602.95554,7791.45767,774.4576352,530,23,37,73,9,34,6.5,1.6,5.2,0.7,4.3,0.8,2.1,0.3,2.1,0.3
260361.2508,86797.11368,62184.38737,41609.47688,47169.5906,21513.86681,20753.69442,5993.428977,774.4576352,504,20,31,62,7,28,5.8,1.4,3.9,0.6,3.2,0.7,1.7,0.3,1.7,0.2
254752.0317,79916.85467,62961.69221,42212.51278,52887.11674,20030.15185,18263.25109,5993.428977,774.4576352,528,18,30,64,7,27,5.8,1.5,4.6,0.7,3.7,0.7,1.7,0.2,1.6,0.2
230398.6724,85156.43653,72367.0808,55961.73123,69182.06622,13946.92055,4648.827551,7072.246193,1471.469507,163,23,5,13,1.730035419,7.347677204,2,1,4.523550627,1,4,0.920201485,2.791496238,0.445592839,3,0.458385093
236054.6349,90501.86853,73455.30758,30935.74151,56532.03965,25445.71143,12286.1871,3895.728835,2245.927142,168,34,51.1,109,9.4,34.4,5.8,1.21,5.3,0.8,3.7,0.85,1.9,0.4,2.2,0.36
332813.6635,74624.34774,18655.31621,4040.340509,17724.33101,27819.65535,27643.92097,2217.568722,697.0118717,235,28,66.7,128,11.2,39.4,6.7,1.27,6.3,0.9,4.5,1.07,2.5,0.5,2.9,0.46
331878.7936,74624.34774,21220.42219,5186.108713,19939.87239,24778.0397,27809.95053,2337.437301,697.0118717,211,37,59.8,117,10.6,39.2,6.5,1.24,6.6,1,4.9,1.17,2.8,0.5,3.1,0.55
353380.8,67744.08873,9560.849558,663.3394865,3216.10845,28042.2126,40013.12285,539.4086079,309.7830541,26,46,20.6,42.6,5.1,21.4,6.3,0.22,6.9,1.4,7.9,2.11,5.2,1,6.7,1.06
247273.073,69861.0915,59697.01188,63318.76917,50028.35367,16246.67873,11539.0541,3955.663125,1161.686453,244.5,19,13.7,27.9,3.34,13.964,3.183,0.88,3,0.5,3,0.6,1.8,0.26,1.7,0.27
258584.9981,89813.84263,57131.9059,26412.97228,56389.10149,21958.98129,10708.90632,4854.677471,1471.469507,395,21,20.5,42.2,4.92,19.821,4.275,1.46,3.8,0.6,3.8,0.7,2.2,0.32,2.2,0.34
342629.7968,60546.2793,18422.12476,5608.23384,14722.62979,14392.03504,32458.77808,2037.765852,464.6745811,396.5,12.3,33.3,61.7,5.84,18.1,3.11,0.65,2.56,0.39,2.04,0.41,1.21,0.2,1.26,0.2
286818.0673,84944.73625,37388.36291,15799.5405,41952.348,27448.72662,20172.59098,4015.597415,929.3491622,547,17.9,24.9,49.2,5.9,22.2,4.4,1.05,3.8,0.57,3.1,0.62,1.69,0.25,1.55,0.21
248535.1473,79493.45411,64594.03238,36121.85022,57246.73041,19065.73714,21168.76831,6832.509034,1084.240689,530,25.8,33.1,64.5,7.9,30.9,6.2,1.57,5.4,0.83,4.5,0.89,2.39,0.34,2.14,0.29
289061.7549,87961.46521,40808.50421,16101.05845,35877.47649,21736.42405,30632.45297,4555.006023,851.9033987,543,22.9,42,78,9.1,34,6.2,1.47,5,0.76,4.1,0.8,2.12,0.3,1.93,0.28
257182.6933,83621.60952,67159.13836,28402.99074,46955.18337,19733.40886,22413.98998,7671.589091,1161.686453,429,30.4,29.3,61,7.5,30,6.5,1.59,6.1,0.95,5.5,1.09,2.89,0.43,2.65,0.38
285836.4539,93783.22283,32724.53385,6934.912813,31303.45558,24407.11096,30217.37908,3596.057386,697.0118717,550,24.6,42,79,9.2,34,6,1.37,4.8,0.72,4.1,0.82,2.25,0.37,2.27,0.36
245029.3854,81504.60675,63117.15318,38111.86868,57175.26134,26261.75465,14444.57132,15343.17818,1084.240689,629,26,34.6,92,10.49708882,34.8,6.97,1.81,5.514080928,0.84,5.565346565,1.2,2.827067669,0.33,2.09,0.33
245917.5117,31702.11652,59930.20333,41669.78047,55888.81796,29748.48479,15274.7191,6832.509034,1006.794926,734,19,35.3,66,8.366611956,33.2,6.42,1.68,4.843332366,0.68,4.122714681,0.801606648,2.016620499,0.26,1.67,0.28
251339.7568,87432.21451,62961.69221,25387.81126,48170.15767,29971.04203,20753.69442,12166.66082,1006.794926,633,25,39.3,84.2,10.47525867,40.4,7.7,2.18,6.416049507,0.93,5.549808225,1.056980609,2.585126785,0.32,2.09,0.31
251526.7308,87326.36437,60862.96914,32141.8133,55174.12719,31751.49998,17184.05898,6832.509034,1084.240689,715,22,34.3,84,9.861082812,34.5,6.94,1.75,5.215105563,0.77,5.32684241,1.2,2.567958357,0.25,1.76,0.28
252508.3441,80975.35606,61562.5435,38895.81535,54602.37458,24926.4112,15274.7191,7491.786221,1006.794926,528,25,27.3,65,8.02693615,30.6,6.1,1.59,5.015021674,0.8,4.885403793,0.95867036,2.441082463,0.32,1.99,0.31
254518.3143,86585.4134,60318.85575,26593.88305,52100.95689,25890.82592,19425.45798,9349.749204,1006.794926,543,23,37.1,77.3,9.526541563,36.2,7.18,1.74,5.473055653,0.87,6.118112082,1.4,3.120107962,0.33,2.02,0.34
265035.6,83251.13404,58686.51558,28644.2051,46955.18337,24852.22545,18263.25109,7911.32625,851.9033987,469,22,33.6,97,10.88570855,34.9,7,1.62,5.205852846,0.85,5.148869136,1,2.501638712,0.32,2.01,0.32
284667.8666,87855.61507,37777.01533,16885.00511,39307.99217,27448.72662,18263.25109,4794.743182,774.4576352,320,14,14,30,3.6,15,3.2,0.9,3.1,0.45,2.9,0.55,1.52,0.21,1.49,0.2
299625.7841,86267.86299,30081.69739,11457.68204,32875.77527,27448.72662,19093.39887,3596.057386,774.4576352,473,15,27,55,6.3,23,4.3,1,3.7,0.5,2.9,0.55,1.51,0.22,1.44,0.21
254424.8273,77429.37641,49592.04893,43539.19175,41166.18816,19510.85162,44412.90607,6592.771875,619.5661082,857,27.16,73,143.59,17.56786607,65.98,12.94,3,8.67,0.99,4.79,0.879648171,2.04,0.282496661,1.63,0.25
244468.4635,78646.65301,60785.23865,36724.88612,54245.02919,21365.49531,28806.12786,12766.00372,929.3491622,860,27.25,62,111.38,13.28698363,47.83,9.59,2.52,6.93,0.9,4.42,0.847118445,2.09,0.291725602,1.7,0.26
273449.4286,84680.11091,45472.33326,21106.25639,43596.13677,24481.29671,20753.69442,5394.086079,774.4576352,459,21,33,69,8.2,32,6.2,1.4,5.5,0.72,4.1,0.74,2.08,0.27,1.82,0.35
282798.127,87326.36437,42674.03583,17488.04101,40022.68293,25965.01166,22413.98998,5394.086079,774.4576352,440,19,32,66,7.8,30,5.5,1.3,5.1,0.66,3.8,0.69,1.91,0.29,1.72,0.33
279058.6476,85209.3616,44073.18455,20503.22049,44310.82753,23739.43924,19923.54665,5394.086079,774.4576352,518,20,33,68,8,31,5.9,1.4,5.3,0.69,4,0.77,2.08,0.3,1.88,0.36
278123.7778,86267.86299,44073.18455,21709.29229,45025.5183,24481.29671,18263.25109,5394.086079,774.4576352,489,19,31,64,7.6,29,5.5,1.3,4.9,0.64,3.7,0.67,1.88,0.27,1.69,0.31
289809.6508,86267.86299,37777.01533,15678.93332,37878.61063,28190.58409,17433.10332,4794.743182,774.4576352,533,13,26,54,6.2,24,4.6,1.1,3.7,0.48,2.7,0.5,1.22,0.16,1.1,0.16
309909.3524,81504.60675,25884.25124,9045.538452,27872.9399,26706.86914,22413.98998,2996.714489,774.4576352,424,14,25,53,5.9,22,4,0.9,3.6,0.45,2.7,0.46,1.3,0.18,1.16,0.17
253349.727,89972.61784,60163.39478,27136.61536,60748.71517,24481.29671,9131.625547,7791.45767,774.4576352,940,20,19,44,5.9,26,5.5,1.5,4.8,0.66,4.1,0.77,2.02,0.27,1.79,0.25
270177.3841,91031.11923,51768.50249,17488.04101,50743.04444,24481.29671,14942.65999,5394.086079,774.4576352,757,19,34,71,8.3,32,6.2,1.6,5.2,0.65,3.8,0.7,1.56,0.26,1.76,0.24
291679.3905,84680.11091,38476.58969,15678.93332,37878.61063,24481.29671,24074.28553,5394.086079,774.4576352,425,22,34,69,8.2,29,5.6,1.2,5.2,0.66,3.8,0.72,2.03,0.26,1.6,0.31
287472.4762,85209.3616,40575.31276,16885.00511,40022.68293,25965.01166,21583.8422,5394.086079,774.4576352,466,18,36,73,8.4,33,5.9,1.4,5.3,0.67,3.7,0.67,1.82,0.26,1.62,0.31
286070.1714,83092.35883,39875.7384,16281.96921,37878.61063,25965.01166,23244.13776,5394.086079,774.4576352,454,18,35,74,8.6,32,5.8,1.3,5.1,0.61,3.5,0.65,1.74,0.25,1.51,0.3
278123.7778,86797.11368,45472.33326,22915.36408,45740.20907,25223.15419,17433.10332,5993.428977,774.4576352,510,18,31,64,7.4,29,5.7,1.3,4.9,0.62,3.4,0.63,1.7,0.24,1.53,0.29
262230.9905,91560.36992,60163.39478,21106.25639,49313.6629,27448.72662,16602.95554,7791.45767,774.4576352,523,27,32,66,8.3,34,6.6,1.6,6.2,0.86,5.1,0.96,2.72,0.4,2.6,0.51
312994.4228,81398.75661,20598.57832,7115.823583,22155.41377,26781.05489,35613.33963,3176.517358,309.7830541,325,17,38.24,80.25,9.361985629,32.38,6.38,1.07,4.978010805,1.12,6.346569359,1.123296399,2.455572129,0.25,1.06,0.161962733
328139.3143,81504.60675,18655.31621,5487.626661,17867.26917,24481.29671,38186.79774,2756.977329,309.7830541,260.4,15.5,36.4,73.5,8.5,30.9,6.1,1,4.6,0.61,2.9,0.52,1.2,0.17,0.9,0.16
330943.9238,75682.84912,23319.14526,6874.609224,17867.26917,22997.58176,35696.35441,3655.991676,464.6745811,227,19.3,65.1,129.1,14.7,51.7,9.4,1.2,6.5,0.88,3.2,0.78,1.9,0.28,1.2,0.25
317855.746,81504.60675,24873.75495,8804.324094,22155.41377,25223.15419,36526.50219,4015.597415,387.2288176,621.2,16.8,53.1,104,12,43.9,7.8,1.7,5.5,0.73,3.7,0.64,1.5,0.21,1.3,0.19
330476.4889,77799.8519,20209.9259,6995.216403,18581.95993,24481.29671,34036.05886,3536.123096,387.2288176,255.5,18.1,45.6,77.5,9.3,35,7.8,1.2,5.9,0.9,3.1,0.82,2,0.3,1.1,0.26
322530.0952,80975.35606,23319.14526,7357.037941,19296.6507,23739.43924,39847.09329,3655.991676,387.2288176,295.7,16.9,50.1,114.6,13.1,46.1,8.2,1.3,5.6,0.75,2.1,0.67,1.6,0.23,1.2,0.21
326737.0095,79387.60398,19432.62105,5789.14461,18581.95993,27448.72662,37356.64996,2936.780199,387.2288176,252.5,18.1,33.9,68.5,8.1,29.8,6.3,1.1,4.9,0.72,3.8,0.66,1.7,0.24,1.5,0.21
328139.3143,77270.6012,24096.45011,7658.55589,19296.6507,22255.72428,34866.20663,3775.860256,387.2288176,250.9,20.1,44.4,89.4,10.5,38.7,7.6,1.2,5.8,0.82,4.2,0.74,1.9,0.27,1.6,0.24
318790.6159,78858.35328,33424.10821,8804.324094,18581.95993,23739.43924,34036.05886,5274.2175,464.6745811,252.4,22.3,104.3,206.6,22.3,75.6,12.1,1.4,7.7,1,4.9,0.83,2.1,0.3,1.8,0.27
326269.5746,78329.10259,21764.53558,6512.787686,19296.6507,24481.29671,40677.24107,3236.451648,387.2288176,279.7,18.2,44.4,87.5,10.1,35.5,6.8,1.2,5.2,0.73,3.7,0.67,1.7,0.23,1.5,0.22
327204.4444,79387.60398,21764.53558,5728.84102,17867.26917,25965.01166,37356.64996,3236.451648,309.7830541,293.8,18.2,49.2,96,11,38.6,7,1.2,5.3,0.72,3.7,0.65,1.6,0.23,1.4,0.2
322997.5301,82033.85744,24096.45011,7598.2523,18581.95993,22997.58176,38186.79774,3715.925966,387.2288176,289.5,18.1,49.5,99.2,11.5,41.2,7.8,1.3,5.7,0.77,4,0.69,1.7,0.24,1.5,0.21
324867.2698,80446.10536,24873.75495,6874.609224,18581.95993,23739.43924,34866.20663,3835.794545,387.2288176,269.4,19.8,58.8,118.4,13.4,47.1,8.6,1.3,6.2,0.86,4.3,0.76,1.9,0.26,1.6,0.24
322062.6603,79916.85467,25651.05979,7537.94871,20011.34147,25223.15419,36526.50219,3955.663125,464.6745811,284.2,21.3,47.7,100.9,12.3,46.1,9.5,1.4,7.3,1.03,6.6,0.94,2.3,0.31,2.9,0.27
324399.8349,79916.85467,24873.75495,7417.341531,19296.6507,24481.29671,35696.35441,3835.794545,387.2288176,290.6,18.3,49.9,100.9,11.6,41.4,7.8,1.3,5.8,0.78,4,0.69,1.7,0.24,1.4,0.22
330943.9238,76741.35051,22541.84042,6814.305634,17867.26917,22997.58176,34866.20663,3536.123096,387.2288176,245.9,20.5,34.1,70.5,8.5,32.3,6.9,1.1,5.7,0.82,4.2,0.76,1.9,0.27,1.6,0.25
323464.9651,79916.85467,23319.14526,7176.127172,19296.6507,24481.29671,38186.79774,3655.991676,387.2288176,270.5,19.7,51.3,102.5,11.8,42.5,8.1,1.3,6,0.82,4.3,0.73,1.8,0.26,1.6,0.23
326737.0095,78329.10259,23319.14526,7176.127172,19296.6507,25223.15419,34866.20663,3655.991676,464.6745811,266.4,19.1,45.9,91.7,10.6,38.1,7.4,1.2,5.6,0.8,4.1,0.72,1.8,0.26,1.5,0.23
328606.7492,79387.60398,19432.62105,7236.430762,18581.95993,24481.29671,35696.35441,3655.991676,387.2288176,265.9,19.1,49.4,98.1,11.3,39.9,7.6,1.2,5.5,0.79,4.1,0.72,1.8,0.26,1.6,0.23
322062.6603,82563.10814,23319.14526,6693.698455,20726.03223,24481.29671,36526.50219,3536.123096,387.2288176,317.5,19.5,45.2,89.3,10.5,38,7.3,1.4,5.5,0.78,4,0.71,1.8,0.25,1.5,0.23
324867.2698,80975.35606,24096.45011,4160.947688,18581.95993,25965.01166,37356.64996,3596.057386,309.7830541,293.1,18.9,48.5,96.8,11.1,40.2,7.6,1.3,5.7,0.79,4.1,0.7,1.8,0.25,1.5,0.23
326737.0095,79916.85467,25651.05979,6814.305634,17867.26917,21513.86681,36526.50219,3596.057386,387.2288176,236.2,24.4,42.2,84.1,10,36.4,7.3,1.3,6,0.9,4.9,0.89,2.3,0.33,2,0.31
326269.5746,77270.6012,21764.53558,8563.109735,19296.6507,25965.01166,35696.35441,3296.385937,387.2288176,283.9,19.1,43.5,86.1,10,35.8,6.8,1.3,5.1,0.74,3.8,0.68,1.8,0.25,1.5,0.23
323932.4,78329.10259,22541.84042,6452.484096,17152.5784,31158.014,37356.64996,3236.451648,464.6745811,266.3,19.2,43.9,88.2,10.3,37.2,7.3,1.2,5.6,0.78,4.1,0.71,1.8,0.25,1.6,0.23
324867.2698,80446.10536,23319.14526,4643.376406,18581.95993,25223.15419,37356.64996,3476.188807,309.7830541,294.4,19.1,53.9,106.9,12.2,43.5,8.1,1.3,6,0.81,4.1,0.72,1.8,0.24,1.5,0.22
327671.8793,79916.85467,20987.23074,5970.055379,17152.5784,24481.29671,39016.94552,3116.583068,309.7830541,264.7,17.8,47.9,96,11,39.2,7.5,1.2,5.4,0.75,3.8,0.66,1.7,0.23,1.4,0.22
334215.9682,79387.60398,15546.09684,5728.84102,15723.19687,22255.72428,38186.79774,2637.10875,309.7830541,274.8,15.5,42.4,83.8,9.6,33.8,6.5,1.1,4.6,0.64,3.2,0.56,1.4,0.2,1.2,0.19
325334.7047,80446.10536,21764.53558,7055.519993,18581.95993,23739.43924,38186.79774,3356.320227,309.7830541,277.6,18.8,53.7,106.2,12.1,42.6,7.8,1.2,5.7,0.77,4,0.68,1.8,0.25,1.6,0.23
324867.2698,80975.35606,21764.53558,7055.519993,19296.6507,20030.15185,42337.53663,3116.583068,387.2288176,271.5,14.2,41,61.7,7.2,26.9,5.5,1,4.3,0.6,3.1,0.52,1.3,0.18,1.1,0.16
325802.1397,79387.60398,22541.84042,6754.002044,18581.95993,23739.43924,38186.79774,3416.254517,387.2288176,276.2,18,47.8,95,10.9,38.5,7.1,1.2,5.2,0.73,3.8,0.68,1.7,0.24,1.4,0.22
326269.5746,80975.35606,22541.84042,5427.323071,17867.26917,24481.29671,38186.79774,3416.254517,387.2288176,269.8,20.9,43.1,87,10.2,37.2,7.4,1.3,5.7,0.83,4.4,0.77,1.9,0.26,1.6,0.24
325375.9097,80693.63718,20566.95137,6851.440337,18392.23757,25000.59694,37201.75946,3364.97315,363.9950885,282.7634813,15.31210187,48.55476087,103,4.896,43.28155986,8.20069778,1.1079827,3.2844,0.6,0.561,1.5198,0.21012,0.120388203,1.358,0.16258
327017.4705,80340.25522,21997.72703,6772.996137,17824.76729,20994.56657,39831.83334,3341.010882,367.8673767,277.690516,13.41998776,46,90.6,8.86,32.4,6.9,1.09,4.886466,0.67,3.185481,0.536068,1.515423,0.2082418,1.25,0.1515282
322691.8486,83396.43897,20403.8551,6577.101784,19530.99755,27374.54087,37852.71348,3115.396231,356.2505122,273.6874852,13.27588547,44.034144,92,8.95,40.28634,7.6,1.02,4.2432,0.567972,2.6724,0.4692,1.2852,0.1785,1.15,0.146
329614.2397,77490.00737,25029.21592,7255.293725,16942.24491,20846.19508,35837.36663,3800.979915,394.8185024,266,17,61.5,128,12.34,54.5,10.09,1.3,5.213222,0.7381968,3.529892,0.622322,1.744542,0.2519894,1.6,0.203
326322.8571,80476.66022,22852.76236,6651.984846,18221.87108,25445.71143,35966.39448,3426.709137,367.8673767,230.81,17.17253338,47.9429,100.01,9.33,42.3302,8.71,1.011,5.0197,0.703,3.636,0.6363,1.8382,0.26967,1.7089,0.197
333281.0984,78858.35328,15546.09684,6633.394865,16437.88763,23739.43924,38186.79774,2936.780199,309.7830541,262.5,16.5,45.2,88.7,10,35,6.4,1.1,4.6,0.64,3.2,0.58,1.5,0.21,1.3,0.2
341227.492,71448.84358,21764.53558,6452.484096,17152.5784,20772.00933,29885.31997,3416.254517,309.7830541,250.8,15.8,44.4,87.2,10,35.3,6.6,1.1,4.9,0.65,3.4,0.58,1.5,0.2,1.2,0.19
322062.6603,82033.85744,22541.84042,7357.037941,19296.6507,23739.43924,39016.94552,3596.057386,387.2288176,296.2,16,58.4,117.3,13.5,47.4,8.3,1.3,5.6,0.75,3.1,0.67,1.7,0.23,0.9,0.21
319725.4857,80446.10536,23319.14526,7115.823583,22155.41377,27448.72662,38186.79774,3416.254517,387.2288176,309,16.2,49.6,98.7,11.3,40.7,7.4,1.2,5.2,0.7,3.6,0.61,1.5,0.2,1.2,0.18
292146.8254,84680.11091,38476.58969,15075.89742,37878.61063,24481.29671,24074.28553,4794.743182,774.4576352,434,20,39,82,9.2,34,6.3,1.2,5.2,0.67,4,0.77,2.08,0.29,1.93,0.28
304767.5682,83621.60952,29382.12303,10854.64614,32161.0845,31899.87147,18263.25109,4794.743182,774.4576352,680,9.2,32,66,7.7,30,5.1,1.3,3.8,0.41,2.1,0.33,0.77,0.1,0.61,0.09
293081.6952,86267.86299,31480.84611,11457.68204,35019.84757,30416.15652,19093.39887,4195.400284,774.4576352,570,12.7,24,50,5.9,26,5.2,1.2,4,0.47,2.6,0.44,1.1,0.16,1,0.14
307104.7428,82563.10814,25884.25124,9045.538452,27872.9399,31899.87147,22413.98998,3596.057386,774.4576352,630,8.5,33,67,7.7,29,4.9,1.2,3.6,0.39,1.9,0.29,0.75,0.09,0.58,0.08
306169.873,83621.60952,25884.25124,9045.538452,29302.32143,32641.72895,22413.98998,4195.400284,774.4576352,640,8.2,35,71,8,31,5.1,1.3,3.7,0.35,1.8,0.29,0.72,0.09,0.55,0.07
309909.3524,82563.10814,25184.67689,9045.538452,27158.24913,32641.72895,22413.98998,3596.057386,774.4576352,570,8.4,33,65,7.4,29,4.7,1.2,3.4,0.36,1.8,0.28,0.66,0.09,0.57,0.07
314583.7016,82033.85744,23085.95381,8442.502556,26443.55837,31158.014,23244.13776,2996.714489,774.4576352,590,8.2,31,63,7.1,27,4.3,1,3.2,0.33,1.7,0.28,0.7,0.09,0.62,0.07
309909.3524,82033.85744,24485.10253,9045.538452,26443.55837,31899.87147,24904.43331,3596.057386,774.4576352,600,8.4,33,66,7.5,28,4.6,1.1,3.3,0.34,1.8,0.29,0.74,0.1,0.65,0.09
306169.873,83092.35883,27205.66947,9467.66358,27086.78006,33902.88666,22829.06387,4231.360858,425.9516994,1347,26,59.9,117,14.94802118,60,10.7,2.75,7.340733752,0.9,4.323,0.847643081,2.156164218,0.282258118,1.51,0.21973
306637.3079,82563.10814,26972.47802,9527.96717,27086.78006,32864.28619,23410.16731,4129.472565,425.9516994,1035.264187,11.43260765,37.93317582,83.57653724,9.452885686,34.52217603,5.926392279,2.053622801,5.29287513,0.645838324,2.899063649,0.510295233,1.41332531,0.203964069,1.191152935,0.196200277
283265.5619,86267.86299,35678.29225,17488.04101,37878.61063,28932.44157,21583.8422,4195.400284,774.4576352,431,17,26,55,6.1,23,4.3,1,3.9,0.53,3.2,0.61,1.73,0.25,1.7,0.33
282330.692,88384.86576,37777.01533,16885.00511,39307.99217,30416.15652,19093.39887,4794.743182,774.4576352,595,16,29,56,6.6,25,4.9,1.3,4.1,0.51,3,0.57,1.61,0.23,1.57,0.3
296821.1746,79387.60398,32879.99482,11457.68204,27872.9399,23739.43924,34036.05886,4195.400284,774.4576352,353,22,46,96,10.5,38,6.8,1.1,5.7,0.73,4.5,0.85,2.39,0.35,2.25,0.45
287472.4762,86797.11368,37077.44097,11457.68204,34305.1568,29674.29904,19923.54665,4794.743182,774.4576352,508,22,34,68,8,31,5.7,1.4,5.3,0.7,4.2,0.83,2.31,0.36,2.28,0.46
344032.1016,69331.84081,8394.892295,1206.071794,7146.907667,25965.01166,37356.64996,1198.685795,774.4576352,56,25,21,45,5.1,18,3.7,0.4,3.8,0.64,4.2,0.86,2.8,0.42,2.93,0.52
278591.2127,86267.86299,44073.18455,23518.39998,42881.446,25965.01166,19093.39887,5394.086079,774.4576352,657,17,34,68,8,31,5.7,1.4,4.9,0.58,3.4,0.61,1.67,0.23,1.49,0.29
287472.4762,86267.86299,38476.58969,13869.82563,35019.84757,30416.15652,19923.54665,4794.743182,774.4576352,433,79,28,62,7.2,28,5.3,1.3,4.8,0.64,3.8,0.75,2.25,0.32,2.15,0.44
256575.0279,81134.13126,59930.20333,41971.29842,58390.23564,22478.28153,10708.90632,5873.560398,1084.240689,467,17,16,35,4.3,18,4.2,1.2,3.7,0.63,3.3,0.65,1.8,0.28,1.7,0.26
257135.9498,82033.85744,58297.86316,43780.40611,55031.18904,23665.25349,10791.9211,5633.823238,929.3491622,481,17,16,36,4.5,19,4.2,1.1,3.8,0.594144912,3.4,0.65,1.8,0.28,1.7,0.29
254611.8013,84627.18584,56976.44493,46252.85329,54888.25088,25594.08293,10044.7881,5573.888949,929.3491622,512,17,16,35,4.3,18,3.9,1.1,3.7,0.56,3.3,0.62,1.8,0.28,1.8,0.26
251760.4482,82880.65855,57442.82783,45227.69226,54530.9055,21810.6098,9961.773324,5813.626108,929.3491622,486,17,15,34,4.4,19,4.1,1.1,3.7,0.63,3.4,0.64,1.8,0.269341227,1.7,0.26
305235.0032,81504.60675,31480.84611,9648.574349,27158.24913,24481.29671,34036.05886,4195.400284,774.4576352,315,29,42,89,10.2,38,7.1,1.2,6.8,0.93,5.7,1.06,2.96,0.43,3,0.43
283546.0228,86162.01285,34978.7179,20503.22049,36806.57448,24110.36797,32873.85197,5513.954659,619.5661082,687,20.44,62,107.61,12.53051262,43.19,8.23,1.92,5.69,0.68,3.43,0.653646341,1.6,0.225521739,1.33,0.17
261623.3251,86532.48833,43684.53213,26171.75792,45525.80184,22849.21026,30466.42342,6412.969006,619.5661082,648,20.63,52.4,86.46,10.01581352,34.19,6.83,1.78,4.9,0.72,3.25,0.628551982,1.57,0.224740276,1.35,0.24
292614.2603,88914.11645,34279.14354,13869.82563,37878.61063,28932.44157,16602.95554,4195.400284,774.4576352,556,13,25,51,5.9,23,4.2,1,3.6,0.44,2.6,0.47,1.23,0.18,1.18,0.17
294484,87326.36437,29382.12303,11457.68204,33590.46603,28932.44157,20753.69442,3596.057386,774.4576352,521,11,24,50,5.7,22,4.1,1,3.3,0.41,2.3,0.4,1.02,0.14,0.97,0.13
316406.6978,80816.58085,22230.91848,8020.377428,12792.96472,15356.44976,47816.51195,3416.254517,309.7830541,493,21,44,63,9,35,6.6,1.7,5.2,0.81,4,0.7,2,0.28,1.9,0.29
357260.5098,76265.02489,1632.340168,301.5179484,3859.33014,30267.78503,34036.05886,299.6714489,154.891527,16.2,24.5,7.2,15.8,2.11,8.1,3.01,0.11,3.29,0.7,4.3,0.73,1.93,0.29,1.87,0.22
357540.9708,76317.94996,1399.148716,482.4287175,3573.453833,29674.29904,34451.13274,299.6714489,154.891527,17.1,24.9,6.8,14.6,1.98,7.6,2.91,0.11,3.18,0.68,4.36,0.72,1.93,0.29,1.78,0.21
224275.2749,87538.06465,71589.77596,44021.62047,70611.44775,19436.66587,11622.06888,14983.57244,1239.132216,425,24,26,55,7.615210912,34,7,2,6.290868566,1,6,1.168345705,2.945008332,0.38073398,2,0.305590062
231894.4641,74200.94718,71201.12354,48303.17534,74971.06143,14911.33527,5395.96055,5034.480341,1316.57798,200,24,5,12,2.228232212,13,2,1,4.523550627,1,5,1.086664899,3.11669949,0.470694465,3,0.458385093
243673.8241,86955.88889,57209.63638,43117.06662,77829.82449,19807.59461,9795.743768,4375.203153,1316.57798,208,20,3,9,1.290430176,6,2,1,4.523550627,1,4,0.835418876,2.294601828,0.330530728,2,0.305590062
291211.9555,82510.18307,34745.52644,12724.05742,30159.95035,28338.95559,24489.35942,4135.465994,619.5661082,494.1,12.9,33.3,64.3,6.46,23.1,4.21,1.08,3.37,0.49,2.73,0.49,1.35,0.19,1.27,0.19
287846.4241,87220.51424,34667.79596,10311.91384,36020.41464,28042.2126,29719.29042,4495.071733,542.1203446,515,15.5,36,74.3,8.1,28.6,4.8,1.1,3.5,0.6,2.6,0.4,1.2,0.2,1.2,0.2
306216.6165,80551.9555,27594.3219,10492.8246,25514.46037,25816.64017,33039.88152,3416.254517,619.5661082,473.1,16.3,39.2,80.4,8.4,30.4,4.9,1,3.4,0.5,2.3,0.4,1.3,0.2,1.3,0.2
273122.2241,85950.31257,45705.52472,20804.73844,36949.51264,31158.014,25319.5072,5753.691818,774.4576352,866.9,20.7,34.9,73.6,8.1,29.5,5.5,1.2,4.1,0.7,3.2,0.6,1.8,0.2,1.7,0.2
320426.6381,81345.83154,19899.00396,6512.787686,19153.71255,29674.29904,33288.92586,2637.10875,387.2288176,513,10.2,35.7,71.2,7.2,24.7,3.7,0.9,2.4,0.3,1.6,0.3,0.8,0.1,0.8,0.1
263960.4997,90554.7936,52234.88539,22071.11382,48670.44121,22255.72428,23410.16731,6233.166136,1161.686453,575,29.4,35.7,69.2,8.1,30.9,6,1.39,5.7,0.85,5,0.99,2.76,0.42,2.6,0.37
288641.0635,88331.94069,43218.14922,12482.84306,39808.2757,23665.25349,30715.46775,4135.465994,1239.132216,553.1,25,34.5,63.5,7.3,27.7,5.3,1.45,4.6,0.72,4.1,0.83,2.27,0.35,2.22,0.32
257696.8717,89072.89166,56743.25348,18513.20203,51314.79705,24036.18223,28972.15742,6053.363267,1316.57798,666.6,26.2,34,64,7.7,30.1,5.9,1.75,5.1,0.8,4.6,0.9,2.44,0.37,2.22,0.33
303552.2374,74412.64746,27361.13044,6452.484096,23155.98084,19955.96611,42171.50707,2457.305881,542.1203446,378,16.1,27.2,47,5.2,18.5,3.5,0.84,2.9,0.44,2.5,0.52,1.47,0.23,1.52,0.23
285509.2495,87114.6641,39409.3555,10191.30666,38235.95602,26410.12615,29304.21653,3955.663125,1161.686453,639,23.6,38.7,69.8,7.9,29,5.4,1.43,4.7,0.69,4,0.81,2.23,0.35,2.1,0.31
279713.0565,89178.7418,43140.41874,16704.09434,38021.54879,24555.48246,21998.91609,4674.874602,929.3491622,469,24.7,36.8,70.9,8.3,30.4,5.9,1.28,5,0.77,4.3,0.83,2.29,0.35,2.2,0.31
327671.8793,75576.99899,19510.35154,5789.14461,10934.76873,28190.58409,30549.43819,1618.225824,1316.57798,80,27.8,10.3,26.2,3.12,9.4,3.81,0.25,4.28,0.89,5.26,0.98,2.6,0.38,2.46,0.39
327017.4705,77376.45134,13680.56522,5668.53743,11363.58319,26558.49764,36941.57608,1318.554375,1239.132216,57.3,32.1,8.1,23.1,2.9,10.6,3.6,0.2,4,0.9,5,0.9,2.5,0.4,2.3,0.3
348612.9638,67691.16366,6373.899705,2593.054356,5431.649827,26113.38316,36941.57608,599.3428977,309.7830541,52,13,14.4,30.2,3.1,9.7,2,0.3,1.9,0.4,2,0.3,1.1,0.2,1.1,0.2
336085.7079,70019.86671,14613.33103,3557.911791,5217.242597,27968.02685,35032.23619,719.2114773,774.4576352,25.6,19.5,7.9,19.9,1.92,7,2.25,0.14,2.57,0.55,3.06,0.67,1.86,0.25,1.55,0.24
311358.4006,82986.50869,25884.25124,6874.609224,21440.723,19139.92288,36111.4283,2996.714489,232.3372906,366,27.1,35.2,70.1,8.24,29.5,5.79,1.12,4.72,0.82,3.88,0.73,2.32,0.35,2.43,0.37
303972.9289,83092.35883,34667.79596,7417.341531,24299.48607,20549.45209,34783.19186,3715.925966,1006.794926,379,36.2,33.2,73.3,8.53,31.6,6.46,1.24,5.61,0.98,4.95,0.93,3.11,0.44,3.09,0.46
278965.1606,89390.44208,37232.90194,13146.18255,35377.19295,23665.25349,36692.53174,4195.400284,1084.240689,746,28.5,44.7,98.7,11.03,39.7,7.61,1.63,5.65,0.92,4.5,0.78,2.41,0.33,2.34,0.34
272701.5327,82880.65855,43684.53213,20201.70254,38807.70863,21662.2383,40262.16718,4854.677471,542.1203446,734,27.8,47,104.8,12.01,43.5,8.22,1.71,6.04,0.94,4.4,0.81,2.4,0.34,2.33,0.33
307618.9212,82986.50869,22852.76236,7899.770248,14508.22256,20994.56657,42586.58096,3416.254517,619.5661082,368.7,22.8,42.5,80.6,8.6,31.8,5.36,1.17,4.29,0.7,3.36,0.68,2.15,0.34,2.23,0.33
284527.6362,87326.36437,40342.12131,14231.64717,32018.14635,19733.40886,37854.73863,4135.465994,542.1203446,554,32.4,46.9,101,11.45,41.7,8.06,1.67,6.04,1.02,4.68,0.86,2.78,0.39,2.76,0.4
305842.6686,83356.98418,26894.74754,11216.46768,24942.70776,24110.36797,32458.77808,3236.451648,464.6745811,402,18.6,45.4,98.3,10.41,36.6,6.45,1.17,4.39,0.67,2.92,0.49,1.47,0.21,1.43,0.2
310330.0438,81716.30703,25184.67689,10131.00307,23870.67161,25074.78269,34285.10319,3116.583068,464.6745811,361,17,43.8,92.9,9.97,34.8,6.21,1.07,3.98,0.61,2.71,0.47,1.31,0.17,1.31,0.18
299906.2451,82139.70758,32102.68998,9950.092298,29373.79051,22478.28153,30632.45297,3715.925966,542.1203446,438,24,45.2,91,10.41,38.4,6.8,1.28,4.99,0.77,3.33,0.62,1.78,0.25,1.71,0.25
310563.7612,84045.01008,20520.84783,7236.430762,18153.14547,17582.02218,48148.57106,2637.10875,387.2288176,409,21.6,41.6,81.3,8.1,27.6,4.91,1.1,3.63,0.61,2.88,0.56,1.81,0.27,2,0.31
306076.386,79387.60398,24096.45011,10010.39589,23441.85715,20030.15185,36609.51696,2816.911619,697.0118717,469,21.2,37.4,72.8,7.33,25.5,4.42,0.96,3.49,0.58,2.85,0.54,1.81,0.25,1.88,0.3
298550.6838,83833.3098,32569.07289,12181.32512,28087.34713,22700.83877,34700.17708,3775.860256,774.4576352,492,24.3,40.6,87.5,9.01,30.7,6.4,1.04,4.1,0.65,3.54,0.76,2.21,0.35,2.44,0.29
288547.5765,87167.58917,34279.14354,12663.75383,31231.9865,23145.95325,27394.87664,3955.663125,774.4576352,527,25.8,43.2,91.3,9.47,38,6.3,1.29,4.88,0.8,4.14,0.81,2.15,0.35,2.01,0.41
292193.5689,87432.21451,34590.06547,12241.62871,33161.65157,24036.18223,32375.7633,3955.663125,851.9033987,562,27.8,43.4,94.8,9.64,36.1,6.9,1.36,4.94,0.8,4.15,0.99,2.56,0.38,2.51,0.38
295465.6133,79916.85467,32102.68998,12121.02153,26515.02744,21736.42405,33870.0293,3775.860256,774.4576352,407,25.5,43.5,89.5,9.27,34.3,6.3,1.1,4.36,0.81,4.11,0.76,2.24,0.33,2.15,0.4
303178.2895,78699.57808,30859.00223,11517.98563,25442.99129,21958.98129,36360.47263,3655.991676,774.4576352,418,25.4,42.9,93.6,9.15,32.3,6.3,1.06,3.91,0.89,3.92,0.87,2.2,0.4,2.35,0.4
302149.9327,77058.90093,28527.08771,10613.43178,24871.23868,21958.98129,36858.5613,3536.123096,697.0118717,402,24,42.75,90.1,9.17,32.25,6.55,1.03,4.31,0.75,3.65,0.76,2.26,0.34,2.28,0.36
304954.5422,77905.70204,29693.04497,10854.64614,23441.85715,21291.30956,36775.54652,3536.123096,774.4576352,387,22.5,41.3,86.6,8.66,28.7,5.4,1.04,4.23,0.78,3.87,0.75,2.21,0.37,2.45,0.32
284714.6101,87061.73903,34900.98741,13749.21845,30660.23389,21736.42405,30300.39386,4015.597415,851.9033987,508,23.1,38.5,82.3,9.19,30.9,6.4,1.09,4.4,0.77,3.88,0.72,2.15,0.35,1.78,0.4
304487.1073,75947.47447,30470.34981,10854.64614,21440.723,20475.26634,36194.44308,3775.860256,697.0118717,355,26.1,43.5,96.6,9.6,34.9,7.5,1.07,5.08,0.94,3.73,0.86,2.42,0.39,2.44,0.36
304440.3638,79652.22932,28682.54867,10131.00307,22655.6973,21736.42405,34451.13274,3476.188807,697.0118717,409,23.8,43.2,88,8.76,31.9,6,1.07,4.81,0.67,3.9,0.82,2.03,0.35,2.29,0.36
293595.8736,88226.09055,36222.40564,11940.11076,32304.02265,24629.66821,32541.79286,4135.465994,774.4576352,540,27.1,43.3,92.3,9.55,34.8,6.6,1.48,4.86,0.88,4.57,0.82,2.44,0.35,2.01,0.44
291632.647,87802.69,35367.37032,10372.21743,30374.35758,25297.33994,32458.77808,4195.400284,851.9033987,525,24.7,42.2,89.1,9.5,37.5,6.8,1.3,3.88,0.84,4.23,0.72,2.05,0.35,1.77,0.39
297428.84,86797.11368,33812.76063,8864.627683,28659.09974,24481.29671,35779.36919,3955.663125,774.4576352,550,26.3,41.5,89.2,9.7,35.5,6.38,1.43,5.06,0.86,4,0.74,2.33,0.33,2.28,0.32
306356.847,85368.13681,29926.23642,6633.394865,26372.08929,23665.25349,37024.59085,3536.123096,774.4576352,465,22.2,42.3,82.5,8.68,30.2,6,1.08,3.17,0.74,3.45,0.68,1.96,0.32,1.92,0.34
299158.3492,84309.63542,32569.07289,10251.61025,28873.50697,24481.29671,34783.19186,3835.794545,774.4576352,496,25.3,42.1,90.2,9.01,32.1,6.4,1.25,4.53,0.82,4.05,0.83,1.98,0.36,2.41,0.36
299018.1187,84097.93515,31947.22901,9467.66358,29302.32143,22923.39601,35613.33963,3775.860256,851.9033987,500,24.2,42,86.8,9.13,33.4,6.1,1.26,4.4,0.73,3.43,0.77,2.14,0.3,2.6,0.33
297522.327,87061.73903,34745.52644,11095.8605,32304.02265,24184.55372,33703.99975,3955.663125,851.9033987,527,26.4,41.5,88.1,9.66,37.7,7.2,1.22,4.89,0.87,3.95,0.82,2.26,0.32,2.4,0.4
302664.1111,86797.11368,30625.81078,11035.55691,29230.85236,19659.22312,29470.24608,4195.400284,619.5661082,360,26,32,61,8,29,5.8,1.4,5,0.77,4.7,0.89,2.4,0.35,2.2,0.34
330943.9238,79916.85467,11504.11166,3738.82256,14007.93903,25816.64017,32126.71897,1258.620085,309.7830541,348,8,24.6,48,4,15.3,3.1,0.6,2.3,0.3,1.7,0.3,1,0.09,0.7,0.09
332813.6635,78329.10259,11270.92021,4402.162047,14722.62979,27968.02685,30134.3643,1318.554375,309.7830541,357,9,22.5,44.6,3.9,14.1,3.1,0.7,2.3,0.3,2,0.3,0.9,0.1,0.8,0.1
335618.273,77270.6012,10882.26779,4402.162047,16866.70209,21291.30956,31296.57119,1258.620085,154.891527,539,9,23,45.5,3.8,14.3,3.1,0.6,2.2,0.3,1.9,0.3,0.9,0.1,0.8,0.1
337488.0127,77270.6012,10726.80682,3738.82256,15151.44425,22997.58176,34451.13274,1258.620085,154.891527,451,9,23,46,3.9,14.8,3,0.6,2.4,0.3,1.7,0.3,0.9,0.1,0.8,0.1
305702.4381,84680.11091,32180.42046,8201.288197,21154.84669,21291.30956,35032.23619,4075.531704,542.1203446,299,20,44.2,87.8,7.7,29.9,5.8,1.2,4.8,0.7,4.1,0.7,2.4,0.3,1.9,0.3
285135.3016,85209.3616,41741.27002,15498.02255,37378.3271,16469.23597,25485.53675,5274.2175,697.0118717,385,21,42.8,88.3,7.8,30.9,6.8,1.4,5.6,0.7,4.4,0.7,2.4,0.3,1.8,0.2
319258.0508,85209.3616,22075.45752,6030.358968,18510.49086,24184.55372,30383.40864,2655.089037,619.5661082,367,18,49.9,97,7.8,30.1,5.6,1.3,4.5,0.6,3.8,0.6,2.1,0.3,1.9,0.2
307104.7428,73565.84635,34978.7179,9648.574349,36878.04356,14911.33527,29138.18697,4477.091446,774.4576352,332,19,42.7,85.5,7.4,30,6.1,1.3,4.9,0.7,4,0.6,2.1,0.2,1.8,0.2
322530.0952,75153.59843,23163.6843,10070.69948,20154.27962,18472.25115,32624.80764,2996.714489,387.2288176,237,17,37.3,76,6.3,25.7,4.7,0.9,3.9,0.6,3.6,0.6,1.9,0.3,1.6,0.2
315051.1365,81504.60675,20132.19541,6814.305634,18224.61455,19362.48013,39432.01941,2996.714489,387.2288176,287,10,47.6,93.9,7.9,30.4,5.6,1,3.7,0.4,2.5,0.3,1,0.1,0.8,0.1
325334.7047,77799.8519,21609.07461,7658.55589,18010.20732,16617.60746,36028.41352,2936.780199,387.2288176,206,20,43.7,87.5,7.4,28.9,5.4,1.1,4.7,0.7,4.3,0.8,2.1,0.3,2,0.3
281863.2571,81504.60675,43606.80164,22794.7569,43882.01307,22849.21026,20836.7092,5094.414631,851.9033987,448,22,41.1,85.3,7.4,29.9,5.7,1.3,4.8,0.7,4.4,0.8,2.7,0.3,2.2,0.3
293549.1301,84150.86021,38398.8592,16040.75486,29373.79051,16914.35046,31047.52686,5094.414631,774.4576352,376,23,46,94.7,8.3,33.2,6.3,1.5,5.5,0.7,5,0.9,2.6,0.4,2.5,0.3
282798.127,80975.35606,43529.07116,21226.86357,44382.29661,21439.68106,19425.45798,5214.28321,929.3491622,482,24,44.4,88.9,7.6,29.8,6.2,1.4,5.2,0.8,4.7,0.9,2.6,0.4,2.6,0.3
282657.8965,80975.35606,47493.32585,11638.59281,50242.7609,23145.95325,28640.09831,4555.006023,929.3491622,524,22.9,32.4,61.3,7.1,26.6,5.1,1.31,4.5,0.7,3.8,0.78,2.18,0.31,2.1,0.3
324867.2698,75312.37364,24329.64156,6452.484096,18010.20732,28190.58409,31711.64508,2637.10875,387.2288176,378.7,12.5,39.7,73.8,7,23.9,3.77,0.8,2.9,0.43,2.52,0.49,1.32,0.21,1.38,0.23
267793.466,99816.68073,50058.43183,14291.95075,49313.6629,27003.61213,16851.99987,4914.611761,1161.686453,497,24,22,48,6,25,5.3,1.6,5,0.79,4.6,0.86,2.5,0.36,2.4,0.36
269569.7187,100928.1072,48426.09166,13146.18255,49242.19382,27745.46961,14776.63043,4614.940312,1084.240689,537,24,24,52,6.4,27,5.7,1.6,5.1,0.88,4.7,0.84,2.5,0.35,2.4,0.35
249750.4781,96588.2515,67392.32981,23096.27485,56603.50872,25965.01166,11290.00977,6652.706165,1239.132216,563,21,22,47,5.7,25,5.6,1.6,5,0.85,4.4,0.81,2.2,0.35,2.1,0.31
263633.2952,101933.6835,50291.62329,13869.82563,54745.31273,27300.35512,14527.5861,4555.006023,1239.132216,595,23,24,50,6.1,26,5.6,1.6,5,0.783700515,4.5,0.88,2.4,0.37,2.4,0.36
265409.5479,93042.27186,58841.97655,19116.23793,46883.71429,27745.46961,14859.64521,6173.231846,1239.132216,446,25,23,51,6.1,25,5.8,1.6,5.4,0.856668914,5,0.96,2.6,0.4,2.5,0.38
239653.8838,99604.98046,73843.96,24784.77536,61963.68947,25000.59694,9380.66988,6892.443324,1394.023743,481,24,17,37,4.9,21,4.9,1.6,5,0.81,4.8,0.92,2.6,0.4,2.5,0.41
258164.3066,94682.94901,63428.07512,17970.46973,54959.71996,25148.96844,14859.64521,6532.837585,1239.132216,500,24,22,46,5.7,24,5.6,1.5,5.2,0.82,4.9,0.91,2.6,0.39,2.5,0.37
269382.7447,93836.1479,56432.33154,14231.64717,49170.72475,25816.64017,17101.04421,5394.086079,1239.132216,490,28,27,59,7.1,29,6.3,1.7,5.9,0.94,5.5,1,3,0.43,2.9,0.43
267559.7486,98334.77879,53867.22556,12844.6646,48956.31752,27893.8411,15772.80776,5274.2175,1239.132216,525,28,27,58,6.9,29,6.8,1.7,6.1,0.905486579,4.8,1,2.6,0.42,2.7,0.43
284434.1492,89602.14235,46638.29053,13266.78973,42452.63154,30045.22778,15025.67476,4794.743182,851.9033987,607,17,15,32,4,17,4,1.1,3.7,0.58507456,3.4,0.64,1.8,0.28,1.7,0.25
256201.08,95000.49942,64516.3019,18332.29126,56174.69426,24852.22545,14859.64521,6652.706165,1239.132216,513,25,21,46,5.8,24,4,1.6,5.3,0.840261164,4.9,0.91,2.7,0.38,2.5,0.38
237877.6311,98387.70386,74388.07339,29609.06253,61534.87501,23442.69624,8716.551658,7851.39196,1316.57798,545,23,14,32,4.1,18,4.4,1.4,4.6,0.75,4.5,0.86,2.5,0.36,2.3,0.34
268915.3098,99975.45594,47571.05634,13206.48614,49599.53921,27300.35512,14610.60087,4914.611761,1161.686453,533,25,25,54,6.6,27,5.9,1.7,5.4,0.86,4.8,0.93,2.6,0.37,2.5,0.37
257790.3587,97382.12754,57986.94122,20322.30972,53172.99304,25519.89718,12369.20188,5873.560398,1239.132216,604,22,25,54,6.7,28,6,1.8,5.4,0.84,4.6,0.85,2.4,0.32,2.2,0.34
267793.466,96641.17657,67470.0603,22010.81023,56746.44688,24036.18223,11040.96543,7371.917642,1239.132216,537,26,22,47,6.2,26,5.8,1.8,5.6,0.93,5.2,1,2.9,0.41,2.6,0.4
271392.7149,89707.99249,51923.96345,21829.89947,48170.15767,24110.36797,19259.42843,5214.28321,851.9033987,539,22,32,68,7.8,31,5.9,1.4,5.1,0.79,4.4,0.82,2.3,0.33,2.1,0.3
286350.6324,86162.01285,42363.1139,17789.55896,39236.52309,26335.9404,23161.12298,5214.28321,619.5661082,476,17,36,75,8.4,33,6.2,1.4,5,0.6,3.7,0.67,1.7,0.26,1.6,0.23
299812.7581,81028.28113,38087.93726,13869.82563,31017.57927,22552.46727,32707.82241,4555.006023,542.1203446,317,26,47,102,11,42,8,1.5,6.7,1.2,5.5,1.2,2.9,0.61,2.1,0.59
272841.7632,87908.54014,51224.3891,22191.721,46383.43076,25297.33994,19923.54665,5693.757528,851.9033987,486,23,34,73,8.15,32,6.2,1.4,5.7,0.85,4.6,0.86,2.4,0.35,2.2,0.33
272234.0978,88331.94069,51379.85006,21950.50664,46669.30706,25148.96844,19674.50231,5633.823238,851.9033987,526,23,34,72,8.4,32,6.2,1.4,5.4,0.85,4.7,0.87,2.4,0.36,2.2,0.32
271439.4584,89390.44208,49592.04893,20985.64921,46169.02353,23220.139,19508.47276,5454.020369,851.9033987,516,23,33,74,8.5,33,6.4,1.5,5.5,0.93,4.7,0.87,2.5,0.35,2.3,0.33
295231.8959,81928.0073,36921.98,13568.30768,31589.33189,21958.98129,31794.65986,4914.611761,619.5661082,315,28,49,106,12,44,8,1.3,6.9,1,5.7,1,2.9,0.4,2.6,0.4
285322.2755,86320.78806,39953.46889,16402.57639,37807.14156,24926.4112,23244.13776,5513.954659,619.5661082,449,17,37,75,8.9,33,6.3,1.3,5,0.76,3.5,0.64,1.7,0.26,1.6,0.26
275412.6552,90290.16826,47026.94295,22855.06049,34090.74957,20104.3376,21583.8422,7072.246193,1161.686453,577.28,32.25,68.26,124.47,14.08,52.44,9.09,1.97,7.44,1.14,6.03,1.18,3.52,0.51,3.25,0.51
309395.1739,79599.30425,23163.6843,12965.27178,18224.61455,21736.42405,40511.21152,3596.057386,464.6745811,669,19,110,196,19.1,65.9,9.5,2.01,6.3,0.8,3.6,0.6,1.7,0.23,1.3,0.19
310610.5047,76741.35051,21764.53558,11095.8605,20511.625,19585.03737,38269.81252,3296.385937,1006.794926,512,22,106,171,17.9,63.2,9.3,1.91,6.4,0.8,3.9,0.6,1.8,0.25,1.3,0.18
248581.8908,80499.03043,64982.6848,39498.85124,33518.99696,21662.2383,28474.06875,8630.537727,774.4576352,784.44,40.61,50.6,99.83,12.09,52.28,11.08,2.08,9.17,1.42,7.37,1.39,4.15,0.83,4.21,0.66
294717.7174,82774.80841,28449.35722,9588.27076,26086.21298,24852.22545,31877.67464,4135.465994,309.7830541,569,14.2,55.32,107.7,12.75155697,45.3,7.33,1.95,5.33,0.67,3.23,0.59732622,1.4,0.201646351,1.22,0.18
310563.7612,82668.95827,24640.5635,7477.645121,17867.26917,25371.52568,35779.36919,3775.860256,309.7830541,257,18.5,51.36,99.19,11.54593642,39.77,7.21,1.55,5.36,0.69,3.5,0.658002134,1.58,0.242387927,1.57,0.23
312854.1924,82457.258,22930.49284,7718.859479,20297.21777,19955.96611,39349.00463,4435.137443,309.7830541,611.55,18.08,79.03,148.65,16.51,62.56,10.44,2.12,6.9,0.89,4.01,0.65,1.77,0.24,1.47,0.21
286070.1714,82298.48279,34045.95209,14050.7364,32804.30619,15133.89251,45160.03907,7731.52338,309.7830541,955,20.37,119.79,223.42,26.39953972,93.45,14.93,3.5,9.4,1.19086713,4.61,0.791422561,1.64,0.232444643,1.38,0.23
296447.2266,96588.2515,26972.47802,5487.626661,25943.27483,21068.75232,39265.98985,3356.320227,464.6745811,561,35,94.43,183.48,20.42279087,64.36,11.67,2.65,7.9,1,8.385773645,2.21,5.089302968,0.571560386,2.33,0.32
288594.32,82880.65855,40963.96518,15558.32614,26657.9656,21513.86681,40345.18196,5454.020369,697.0118717,768,35,93.93,163.79,18.47549678,59.86,10.5,2.18,7.2,0.9,8.901097379,2.59,5.99730318,0.68000069,2.83,0.4
337488.0127,71819.31906,16090.21023,3799.12615,12507.08842,22255.72428,36775.54652,3655.991676,154.891527,404,11,50.88,97.94,17.11780556,95.58,7.03,1.37,5.69,0.787313178,3.696271467,0.45,0.961936614,0.093426501,0.25,0.08
285088.5581,86744.18861,41663.53954,14412.55793,34233.68772,29674.29904,25568.55153,5573.888949,697.0118717,765,13,43.33,81.13,10.20226752,40,6.52,1.68,4.898457019,0.7,4.125335606,0.772520776,1.84444918,0.22,1.3,0.19
265222.574,88490.7159,49203.39651,19116.23793,40237.09016,31380.57124,21085.75354,8151.063409,697.0118717,1006,12,44.45,86.04,10.6754534,41,7.27,2.2,5.817462348,0.7,4.100436821,0.761468144,1.795866184,0.21,1.06,0.14
283218.8184,85897.3875,39331.62501,14955.29024,33590.46603,32567.5432,27311.86186,5693.757528,619.5661082,954,12,55.1,104.54,12.48190658,45,7.46,1.96,5.475993023,0.73,4.228862135,0.773102493,1.780524185,0.2,1.11,0.16
284200.4317,84045.01008,36844.24952,13387.39691,30731.70297,32196.61446,28474.06875,5394.086079,542.1203446,926,10,54.32,100.69,11.88589215,42,6.83,1.83,5.053305403,0.66,3.846207117,0.709113573,1.654378862,0.19,1.06,0.14
277422.6254,84733.03598,48348.36118,20503.22049,39236.52309,29525.92755,24074.28553,6832.509034,697.0118717,740,13,35.58,75.57,9.27375406,35,6.63,1.97,5.355854568,0.68,3.948423183,0.724238227,1.676539527,0.19,1.08,0.14
266952.0832,89125.81673,52234.88539,19538.36306,42524.10062,31974.05722,24655.38898,8330.866278,774.4576352,1000,14,48.3,96,10.21097804,29,5.8,2.16,5.636520323,0.66,3.871105902,0.720166205,1.702961858,0.2,1.11,0.18
288173.6286,84944.73625,45705.52472,15317.11178,33018.71342,28338.95559,25319.5072,5573.888949,1703.806797,595,16,38.1,70.16,8.356594601,30,5.58,1.61,4.664495456,0.66,3.945802259,0.7533241,1.848710846,0.23,1.5,0.22
281582.7962,88543.64097,41508.07857,14774.37947,36377.76002,35609.15885,26896.78797,6053.363267,697.0118717,1220,12,67.02,126.41,15.45723178,58,9.25,2.34,5.982199879,0.67,3.922213936,0.727728532,1.71404219,0.2,1.12,0.18
291305.4425,87167.58917,40419.85179,12904.96819,32732.83711,32567.5432,25319.5072,5454.020369,697.0118717,778,13,44.29,82.03,10.16885977,39,6.9,1.76,4.709094532,0.58,3.437342851,0.648614958,1.565736203,0.19,1.09,0.16
285649.48,86638.33847,43762.26261,15618.62973,35162.78572,31306.38549,24738.40375,6233.166136,697.0118717,836,13,44.37,83.27,10.56731466,42,7.58,1.88,5.086546646,0.64,3.743991051,0.69398892,1.632218197,0.19,1.13,0.17
268915.3098,95900.2256,49902.97086,12482.84306,44596.70384,23665.25349,16935.01465,7132.180483,774.4576352,645,20,27.5,60.9,7.7,29.3,5.3,1.5,4.6,0.666707726,3.4,0.68,1.7,0.246280862,1.5,0.21
280320.7219,93253.97214,45161.41133,12603.45024,38736.23955,26261.75465,29719.29042,3955.663125,1161.686453,944,18,45,78,7.8,33,5.5,2,5.4,0.768620133,3.8,0.8,2.2,0.307887034,1.8,0.3
282798.127,91930.8454,41585.80905,9588.27076,31875.20819,29006.62732,39847.09329,2996.714489,1084.240689,727,23,40,80,8.2,36,6.8,1.9,5.8,0.878275524,4.8,0.9,4,0.538874224,3,0.5
277375.8819,94259.54845,41197.15663,17126.21947,31732.27004,33161.02918,16270.89643,5813.626108,1316.57798,478,10,19,41,4.9,20,4.1,1.2,3.3,0.468081771,2.3,0.41,0.94,0.138525194,0.86,0.13
312012.8095,81610.45689,27594.3219,10553.12819,29230.85236,27300.35512,21251.78309,2936.780199,697.0118717,374,17,18,41,4.7,18,3.7,0.91,3.5,0.55225906,3.2,0.64,1.9,0.300072399,2,0.34
329915.567,80287.33015,18033.47234,5065.501533,22441.29007,29822.67054,19259.42843,1917.897273,619.5661082,403,9,22,42,4.7,18,3.5,0.83,2.7,0.398984863,2.1,0.4,1.1,0.176955939,1.2,0.2
330289.5149,85897.3875,19354.89057,5789.14461,25228.58406,27745.46961,11373.02454,1678.160114,232.3372906,309,4,42,81,8.5,33,5.6,1.7,3.7,0.445663991,1.5,0.26,0.5,0.067742818,0.38,0.06
336693.3733,83727.45966,14069.21764,4583.072816,19868.40331,26929.42638,16021.8521,1198.685795,309.7830541,235,6,29,56,6.5,24,4.9,1.3,3.6,0.473280631,2,0.36,0.69,0.087778009,0.45,0.06
342863.5143,78011.55217,13602.83474,4281.554867,23727.73345,28635.69858,7803.389104,1198.685795,232.3372906,291,6,33,62,6.3,22,3.5,1.7,2.4,0.313074621,1.3,0.21,0.39,0.064621759,0.45,0.07
337067.3212,77270.6012,18422.12476,4040.340509,11506.52134,23591.06774,34534.14752,1558.291534,542.1203446,79,22,20,42,5.4,21,5,0.64,4.8,0.780234608,4.7,0.85,2.3,0.338618207,2.1,0.33
233296.7689,123262.4864,70734.74063,39920.97637,99770.83103,6825.08878,1162.206888,4015.597415,774.4576352,507,10,0.83,2.04,0.330064246,1.73,0.56,0.33,0.69,0.119817134,0.78,0.163342226,0.45,0.065417605,0.4,0.06
219647.6692,66262.18679,49281.12699,75801.61223,131503.1011,2596.501166,83.0147777,2517.24017,929.3491622,192,11,0.4,1.57,0.355407427,2.33,1,0.41,1.37,0.249733331,1.71,0.356980793,0.98,0.13777729,0.81,0.11
241196.419,88755.34125,94597.99929,25568.72203,30946.1102,40208.6752,5728.019661,10368.63213,309.7830541,165,38,9.23,21.9,3.150785239,14.70576474,4.5,1.68,5.37,0.940529109,6.18,1.15,3.46,0.552422787,3.72,0.55
249843.9651,72189.79455,95219.84316,30935.74151,32018.14635,41989.13315,498.0886662,11267.64648,542.1203446,48,44,17.07,42.53,6.020819893,27.59318086,8.27,2.56,7.72,1.22338766,7.13,1.3,3.78,0.624681793,4.34,0.64
248254.6863,83621.60952,81461.54746,31900.59894,40951.78093,37167.05955,1909.339887,9229.880625,1703.806797,86,36,17.96,42.35,4.44,19.7,5.64,1.93,5.92,0.970605068,5.91,1.15,3.09,0.520795089,3.68,0.52
243299.8762,98228.92865,58531.05461,39559.15483,71040.26221,16098.30723,7305.300437,4195.400284,1084.240689,293,18,4.75,11.09,0.95,5.95,1.98,0.85,2.25,0.362570719,2.16,0.51,1.11,0.188466945,1.34,0.2
256621.7714,93941.99804,62262.11785,21226.86357,43167.32231,25297.33994,7637.359548,6892.443324,1084.240689,360,35,14.77,36.35,4.79725115,20.14935923,5.4,1.57,5.38,0.895210534,5.55,0.88,2.85,0.469285617,3.25,0.49
245637.0508,91401.59471,61718.00447,37448.52919,62392.50393,19733.40886,9380.66988,4854.677471,1161.686453,553,22,8.38,17.62,2.344702615,9.957345135,2.71,1.04,2.8,0.455748305,2.75,0.41,1.57,0.248519779,1.66,0.23
316640.4152,92089.62061,20287.65638,8321.895376,28301.75436,31603.12848,6641.182216,2217.568722,232.3372906,400,11,18.96,41.47,5.186488662,20.16598217,4.79,1.85,4.76,0.706901183,3.75,0.46,1.92,0.301616149,2,0.28
247226.3295,92724.72144,56976.44493,48242.87175,54602.37458,20994.56657,4980.886662,4794.743182,1006.794926,370,20,5.87,13.04,1.769603927,7.707572344,2.17,0.81,2.21,0.356007619,2.12,0.28,1.1,0.178490101,1.22,0.18
261623.3251,87802.69,59774.74236,29247.241,49099.25567,27226.16937,17350.08854,6952.377613,851.9033987,587,18.3,25.2,48.8,6.3,25.5,5.4,1.47,4.6,0.66,3.74,0.69,1.91,0.27,1.57,0.23
249797.2216,88543.64097,50991.19764,36845.4933,59748.1481,29600.1133,11206.99499,6712.640454,1146.1973,349,34,18.37284562,48.12026306,6.862932127,30.07424718,7.110826272,1.609493829,6.88799198,1.053178902,6.296723479,1.259152217,3.550082452,0.497017646,3.226003256,0.479175645
241336.6495,84733.03598,57598.2888,56685.3743,47884.28137,28190.58409,6890.226549,5693.757528,1425.002049,224,28,13.69827581,37.82872876,5.421907393,23.86617072,5.939454932,1.088127431,5.513681496,0.868400898,5.241041255,1.032628952,3.097538005,0.439579881,2.911856715,0.438232124
258351.2806,80604.88057,73533.03807,26292.3651,52887.11674,21810.6098,17018.02943,7431.851932,913.8600095,342,31,17.87051805,43.33878695,5.975699206,26.22239072,6.150689231,1.393290018,5.949098725,0.884265479,5.191813745,1.063498638,3.024772104,0.430976282,2.771954772,0.429898401
271345.9714,86585.4134,51302.11958,21769.59588,46740.77614,27003.61213,16104.86687,5334.15179,1122.963571,356,23,21.19035169,48.81880317,6.225854053,24.94635428,5.431247552,1.335528581,5.03941617,0.7705034,4.400902828,0.892653984,2.596344141,0.363382068,2.389934363,0.36191834
286350.6324,80022.70481,45627.79423,17005.61229,38164.48694,25297.33994,25817.59586,5873.560398,789.9467879,219,33,22.77010403,53.48811414,6.780371673,27.12729913,5.947830767,1.187431692,5.675303343,0.871273854,5.24024114,1.063212213,3.098153062,0.458163745,2.756311336,0.423736037
286023.4279,79652.22932,49125.66602,17910.16614,37735.67248,24481.29671,27726.93575,6053.363267,867.3925514,243,31,18.17850573,44.76690473,6.0255706,25.90965198,5.912742953,1.197765157,5.755220445,0.884823562,5.349812545,1.117305594,3.190434563,0.456262477,2.957536755,0.430735222
310563.7612,89284.59194,24718.29398,5909.751789,13150.31011,44956.56305,15855.82254,1977.831562,735.7347534,222,20,21.19598357,46.21336275,5.844339203,22.76448007,4.328471627,1.231076304,3.670967023,0.548743084,3.309320148,0.689609915,2.129568114,0.337928352,2.274010229,0.375552507
292333.7993,91189.89443,43062.68825,15015.59383,37950.07971,29451.7418,13780.4531,4015.597415,642.7998372,385,23,16.19171854,34.63888553,4.298306861,17.16639576,3.706656782,1.044193096,3.70683637,0.553183438,3.616098888,0.717810951,2.113735848,0.302770229,1.991723941,0.30740785
299485.5536,80181.48002,16090.21023,18573.50562,47169.5906,39986.11796,6724.196994,5633.823238,588.5878028,249.6706983,31,18.50766124,53.30947617,7.43953745,30.45380261,6.275947697,1.194134357,5.697637942,0.871473147,5.408702476,1.075633147,3.079037895,0.420599795,2.789797367,0.414346578
291258.699,84415.48556,15623.82733,20865.04203,58461.70472,32048.24297,6143.09355,6412.969006,356.2505122,322,33,30.18784029,71.17974284,8.479075173,32.49276174,6.534330396,1.429726667,6.083505317,0.968293218,5.748542471,1.169147925,3.249704457,0.470181481,2.990840301,0.432228646
288454.0895,80393.18029,44928.21988,18211.68408,38021.54879,23961.99648,25651.56631,5933.494687,1099.729842,228,32,13.58656255,31.38595091,4.17301085,18.2550629,4.700434074,1.141226378,4.909338709,0.805339568,5.01755583,1.023283979,2.95326977,0.426470193,2.771502509,0.406391764
286677.8368,90766.49388,39564.81646,15859.84409,35877.47649,28338.95559,17682.14765,3835.794545,844.1588224,387,21,16.82517355,35.25937393,4.332280768,17.25602468,3.641515846,0.987283751,3.477404187,0.538050549,3.281156187,0.660282783,1.920540194,0.278526244,1.807762469,0.281684735
397132.7085,40011.3524,6918.013095,3256.393843,2001.134147,18175.50816,11705.08366,1678.160114,154.891527,60.79088214,20,8.646341037,20.12688121,2.557408695,10.38121483,2.361695312,0.397095749,2.409002433,0.427084162,2.844443267,0.587757526,1.673343248,0.247181709,1.535119352,0.206792748
243954.2851,13390.04254,60163.39478,113913.4809,98198.51134,2967.429904,1162.206888,1198.685795,503.3974629,17.4153558,18,14.98103439,29.57959654,3.334198722,13.15919649,2.526382751,0.346405256,2.627624474,0.390933465,2.375700782,0.50691969,1.493905125,0.200841894,1.416085312,0.235407284
256060.8495,93095.19693,44228.64552,18633.80921,50028.35367,24036.18223,18844.35454,4614.940312,1006.794926,643,21.7,21.53,41.56,5.21,20.66,4.17,1.05,3.91,0.63,3.76,0.83,2.47,0.37,2.37,0.38
278077.0343,89019.96659,40031.19937,13327.09332,38307.42509,23516.88199,25900.61064,4674.874602,774.4576352,720,29.1,42.73,76.21,9.84,37.39,6.88,1.45,6.03,0.9,4.97,1.01,2.88,0.41,2.58,0.4
307618.9212,79811.00453,23008.22333,8864.627683,24228.01699,26261.75465,29470.24608,2756.977329,464.6745811,342,13,32,61,6.5,22,3.9,0.83,3,0.4,2.4,0.5,1.3,0.18,1.4,0.23
278684.6997,86691.26354,43218.14922,20020.79177,39808.2757,26706.86914,20587.66487,4974.546051,697.0118717,526,15,26,53,6.2,23,4.6,1.1,3.8,0.5,3,0.5,1.4,0.19,1.3,0.2
280414.2089,83886.23487,42751.76632,20322.30972,40165.62109,26410.12615,20089.5762,5034.480341,697.0118717,533,14,26,54,6.2,23,4.6,1.2,4.1,0.6,3,0.5,1.5,0.19,1.3,0.22
312807.4489,79281.75384,29537.584,9286.752811,24942.70776,26558.49764,29885.31997,2996.714489,542.1203446,366,13,35,66,7,24,4.5,0.83,3.2,0.5,2.6,0.5,1.4,0.21,1.4,0.22
285228.7886,84838.88612,39409.3555,19839.88101,39593.86847,28487.32708,19757.51709,4674.874602,619.5661082,580,13,29,58,6.7,25,4.9,1.2,3.8,0.5,2.9,0.5,1.5,0.2,1.3,0.21
302897.8286,81980.93237,27283.39996,10311.91384,25228.58406,25297.33994,29304.21653,3236.451648,464.6745811,376,11,35,66,6.2,24,3.9,0.89,3.1,0.5,2.6,0.5,1.4,0.21,1.4,0.22
310236.5568,80022.70481,24796.02446,9648.574349,26086.21298,27077.79788,29553.26086,2816.911619,464.6745811,354,13,32,57,6.3,22,4.1,0.83,3,0.4,2.6,0.5,1.4,0.22,1.4,0.22
267980.44,90290.16826,43529.07116,22071.11382,40880.31185,25371.52568,21583.8422,5334.15179,697.0118717,630,14,29,59,6.3,27,5.1,1.3,4,0.6,3,0.6,1.6,0.22,1.4,0.21
267980.44,84574.26077,51379.85006,28222.07997,48884.84844,23294.32475,19342.4432,4555.006023,851.9033987,503,15,19,41,4.6,18,3.8,1,3.3,0.6,3.1,0.6,1.7,0.25,1.7,0.26
288360.6025,87114.6641,41508.07857,18694.1128,38021.54879,27448.72662,20587.66487,4914.611761,619.5661082,601,13,28,59,6.8,25,4.9,1.2,3.7,0.5,2.8,0.5,1.4,0.2,1.3,0.21
267513.0051,85844.46243,51146.65861,24181.73946,46955.18337,24110.36797,19010.38409,4674.874602,851.9033987,542,16,26,50,5.6,21,4.2,1.1,3.6,0.6,3.3,0.6,1.8,0.28,1.9,0.29
290043.3682,87167.58917,35600.56177,13809.52204,33518.99696,26706.86914,23161.12298,4375.203153,619.5661082,444,21,39,78,8.2,33,6,1.2,4.9,0.7,4,0.8,2.2,0.33,2.1,0.29
286584.3498,90078.46798,36455.5971,13688.91486,35162.78572,25890.82592,24821.41853,4315.268864,619.5661082,466,19,33,64,8,29,5.2,1,4.7,0.66,3.9,0.67,2,0.33,1.9,0.29
290277.0857,88331.94069,35911.48371,13568.30768,34448.09495,25594.08293,25485.53675,4135.465994,619.5661082,450,18,32,60,7.7,28,5,1,4.4,0.63,3.5,0.66,1.7,0.31,1.9,0.27
262791.9124,95635.60026,46094.17714,19176.54152,48313.09583,24852.22545,17931.19198,4674.874602,851.9033987,551,19,21,41,5.3,21,4,1,4,0.61,3.7,0.8,2.2,0.36,2.3,0.32
298784.4012,87220.51424,32335.88143,12482.84306,30874.64112,28116.39834,27560.9062,3775.860256,542.1203446,448,15,30,56,6.9,23,4.3,0.92,3.4,0.54,2.9,0.54,1.5,0.25,1.6,0.24
296026.5352,87432.21451,32024.9595,11578.28922,30731.70297,24703.85395,26481.71409,3536.123096,542.1203446,418,18,35,66,8.2,29,5,0.96,4.5,0.61,3.3,0.62,1.9,0.31,1.8,0.29
298457.1968,85897.3875,28760.27916,11216.46768,28015.87805,26484.3119,29636.27564,3416.254517,542.1203446,409,20,35,69,8.4,27,5,0.95,4,0.67,3.4,0.66,1.9,0.32,2,0.29
290183.5987,88120.24041,32258.15095,13869.82563,34162.21865,27300.35512,26398.69931,3835.794545,542.1203446,507,18,31,61,7.5,25,4.8,1,3.7,0.61,3.4,0.62,1.7,0.29,1.8,0.27
299064.8622,87749.76493,32957.72531,12724.05742,32089.61542,28042.2126,26315.68453,3775.860256,542.1203446,467,19,33,65,7.9,27,4.9,1,4,0.66,3.4,0.68,1.9,0.32,2.1,0.3
319912.4597,78064.47724,20054.46493,6934.912813,19868.40331,24629.66821,37024.59085,2277.503011,464.6745811,273,23,52,98,11,34,5.6,0.8,4.4,0.72,3.7,0.78,2.2,0.37,2.4,0.37
293549.1301,85791.53736,31714.03756,12663.75383,32375.49173,26484.3119,25734.58109,3655.991676,542.1203446,451,19,31,63,7.5,24,4.7,0.99,3.9,0.64,3.3,0.66,1.7,0.28,1.9,0.27
295185.1524,86056.16271,32258.15095,12482.84306,32875.77527,23368.5105,30715.46775,4015.597415,542.1203446,475,21,35,69,8.5,28,5.3,1.1,4.4,0.71,3.5,0.71,2.1,0.34,2,0.32
302196.6762,84150.86021,29926.23642,12362.23588,30731.70297,26113.38316,27311.86186,3476.188807,542.1203446,418,18,36,70,8.2,27,4.9,0.99,3.8,0.6,3.3,0.6,1.7,0.26,1.7,0.25
280320.7219,88120.24041,42829.4968,23940.5251,43095.85323,25668.26867,16768.98509,4495.071733,774.4576352,437,20,28,57,7.1,23,4.9,1,4.2,0.7,3.8,0.73,2,0.32,2,0.29
288126.8851,83304.05911,37388.36291,15618.62973,34948.37849,25890.82592,25485.53675,4195.400284,619.5661082,725,26.9,50.17,79.44,10.69,39.69,7.16,1.45,5.82,0.85,4.58,0.89,2.53,0.36,2.24,0.35
274851.7333,77905.70204,34045.95209,16281.96921,48813.37936,24258.73947,23908.25598,3715.925966,619.5661082,458,14.7,27.27,53.98,6.24,23.63,4.43,0.94,3.6,0.53,2.83,0.57,1.61,0.23,1.46,0.23
285696.2235,84309.63542,38476.58969,17729.25537,36020.41464,26855.24063,24655.38898,4195.400284,619.5661082,418,15.8,26.62,53.54,6.19,23.78,4.5,0.99,3.73,0.57,3.04,0.62,1.69,0.24,1.57,0.24
295605.8438,83568.68445,33346.37773,14352.25434,30731.70297,24555.48246,28225.02442,3895.728835,542.1203446,426,16.4,30.37,61.34,7.24,27.73,5.22,1.02,4.18,0.6,3.23,0.61,1.74,0.25,1.45,0.23
295465.6133,81822.15716,33424.10821,13990.43281,29659.66682,23071.76751,30134.3643,3835.794545,542.1203446,390,16.8,30.82,61.36,7.38,28.28,5.28,1.01,4.21,0.62,3.31,0.64,1.75,0.25,1.53,0.23
288267.1155,84733.03598,38087.93726,16885.00511,34519.56403,25890.82592,23327.15253,4435.137443,619.5661082,435,14.6,26.24,55.51,6.41,24.78,4.77,1.02,3.82,0.56,2.95,0.57,1.55,0.22,1.35,0.2
265222.574,80234.40509,63583.53609,16945.3087,39379.46124,25965.01166,22164.94565,9949.092102,1239.132216,227,50,34.4,79.9,10.4,44.6,10.3,2,10.3,1.5,9.5,1.9,5.5,0.8,5.1,0.8
242365.0063,69384.76588,95608.49558,24302.34664,54745.31273,19881.78036,16021.8521,19238.90702,1858.698324,196,62.6578692,26.97044532,68.03673077,9.771022854,44.67403046,11.43541329,2.878753382,12.36682683,1.921820018,12.07167878,2.498624257,6.987989348,0.999010545,6.48575509,0.982769355
275459.3987,74836.04801,66459.564,15678.93332,32375.49173,25890.82592,27560.9062,9469.617784,1316.57798,214,50.33098352,34.28691726,80.27471871,10.4779281,44.66020119,10.17883033,2.060043227,10.27083486,1.574113008,9.500591366,1.918084481,5.542141821,0.80592306,5.114189485,0.772155253
262604.9384,81134.13126,64360.84093,20201.70254,46669.30706,23442.69624,15025.67476,8870.274886,1316.57798,240,41.7526007,25.68569702,60.61392753,8.106662876,35.09642344,8.103929213,1.753731859,8.260760798,1.271547992,7.824097919,1.593170213,4.487437923,0.643823741,4.25692146,0.630768021
244982.6419,98281.85372,61562.5435,16281.96921,60534.30794,26410.12615,13199.34965,10188.82926,1316.57798,312,46.27254887,24.56983471,58.68094519,8.001218404,35.8373442,8.860768042,1.989401163,9.067017595,1.408872123,8.70665034,1.757477233,5.099148439,0.746488657,4.63343308,0.688608355
264474.6781,79070.05356,65526.79819,20141.39895,44739.64199,26187.56891,17599.13287,9229.880625,1239.132216,230,43.43965364,29.49836446,68.83921234,9.088904305,38.09572638,8.943822254,1.750361322,8.811279265,1.367643069,8.208912962,1.682987985,4.814543308,0.670868481,4.42546428,0.668320861
261997.273,88490.7159,52001.69394,25146.5969,47098.12152,27893.8411,15938.83732,6353.034716,851.9033987,718,14.3,22.12,45.83,5.86,24.47,4.71,1.17,4.07,0.55,2.9,0.53,1.38,0.2,1.19,0.19
276861.7035,89284.59194,45783.2552,18332.29126,39808.2757,31751.49998,20006.56143,5933.494687,619.5661082,603,12.4,27.77,58.04,6.89,27.13,5.03,1.26,4.02,0.53,2.64,0.47,1.2,0.17,0.99,0.16
273916.8635,88649.49111,46405.09908,18392.59485,40665.90462,30267.78503,20255.60576,5813.626108,697.0118717,595,13.5,28.03,56.56,6.81,26.96,4.97,1.25,4.01,0.54,2.75,0.52,1.31,0.18,1.06,0.17
257743.6152,87061.73903,53167.6512,30091.49125,50814.51351,25816.64017,19010.38409,5873.560398,851.9033987,503,16.9,23.2,46.67,5.73,23.12,4.47,1.18,3.92,0.56,3.22,0.64,1.76,0.25,1.61,0.26
291679.3905,84680.11091,38321.12872,16221.66562,35663.06926,25594.08293,23244.13776,5094.414631,619.5661082,300.2952756,4.373831776,14.82248521,30.38728898,3.322239032,12.10472279,1.972987013,0.389938398,1.332647815,0.163298969,0.857848688,0.150914634,0.373721163,0.0566,0.385521717,0.0557
294951.4349,84680.11091,35989.21419,15256.80819,34519.56403,25965.01166,23576.19687,4501.065162,588.5878028,505,8.86,12.8,29.6,3.12,12.3,2.42,0.668,2.36,0.308,1.8,0.348,1.01,0.141,0.947,0.152
263633.2952,92618.87131,55965.94863,23759.61433,50957.45167,21958.98129,15689.79298,6353.034716,774.4576352,520,16,16.9,40.3,5.2,20.2,4.1,1.3,4.2,0.6,3.8,0.7,2.2,0.3,2,0.3
286303.8889,91507.44485,40108.92985,17668.95178,47026.65245,29154.99881,9878.758546,3176.517358,851.9033987,410.6904352,14,7.910048798,19.77052046,2.597509989,11.28119476,2.532484288,0.838027683,2.321307472,0.360152532,2.219802828,0.462932572,1.342081836,0.194772117,1.339651717,0.204016431
289809.6508,89760.91756,39875.7384,15136.20101,39307.99217,28858.25582,11622.06888,2996.714489,929.3491622,368.2524954,16,9.414828688,21.52490184,2.71951694,11.53883038,2.511504436,0.825275231,2.421270512,0.372307186,2.302303831,0.476925499,1.449801052,0.212783768,1.475027935,0.239396162
277516.1124,89972.61784,49125.66602,17488.04101,44024.95123,26410.12615,14029.49743,4135.465994,1084.240689,364.3635904,21,12.2159302,27.33030233,3.591410405,15.58364965,3.504416666,1.026410877,3.406030894,0.533629776,3.309562361,0.682864284,2.012828481,0.296177092,1.966304309,0.294886052
272421.0717,95688.52533,52934.45975,18995.63075,49027.78659,28413.14133,10459.86199,3835.794545,1006.794926,427.7682343,18,9.051069633,21.47278083,3.047502868,14.08820242,3.4066855,1.090298264,3.386001038,0.508604414,3.179864234,0.654926187,1.869429835,0.272462541,1.801038162,0.268231551
269943.6666,78329.10259,50602.54522,35096.6892,49456.60105,18398.06541,17018.02943,4255.334574,929.3491622,304,21.6,20.09,45.35,4.94,20.07,4.08,0.89,3.94,0.6,3.52,0.71,2.01,0.3,1.98,0.31
292614.2603,84150.86021,37777.01533,16523.18357,35520.1311,24926.4112,23908.25598,4908.618332,619.5661082,1298,21,52.7,108,13.96218618,57,8.97,2.5,8.4,0.76,3.2,0.679811724,1.902943726,0.28,1.14,0.17
282798.127,86797.11368,40886.2347,18694.1128,41595.00262,26558.49764,20255.60576,4471.098017,751.2239061,130.0647676,5.056138652,24.77613616,51.59287171,4.993648716,14.88192675,2.145600241,0.874394459,2.391536394,0.263297191,1.191850422,0.208637426,0.656060183,0.099,0.622949101,0.106409054
294484,83621.60952,36999.71049,16040.75486,34948.37849,27300.35512,24572.3742,4728.815463,619.5661082,904.348336,19.3469846,31.46666044,73.84325211,9.392271558,39.29534933,7.902923328,2.506187623,7.13908878,0.975418113,4.508359543,0.821192062,2.109021312,0.308594854,1.743041261,0.2816707
287472.4762,86797.11368,38321.12872,15075.89742,38307.42509,26929.42638,20919.72398,5064.447486,666.0335663,771.0142059,9.19231311,39.11184633,82.3542583,8.916259502,31.10274332,4.858993456,1.751011101,4.710293967,0.536916882,2.296533817,0.391144782,1.086429112,0.159598112,0.932025928,0.151666964
264801.8825,90343.09332,47571.05634,23096.27485,46883.71429,27597.09811,16436.92598,5094.414631,774.4576352,728,13.3,18.7,37.83,4.76,19.19,3.75,1.02,3.09,0.45,2.51,0.48,1.34,0.19,1.19,0.19
260875.4292,93095.19693,50835.73668,23940.5251,49813.94644,28784.07007,14527.5861,5094.414631,851.9033987,666,14.5,16.97,34.74,4.5,18.58,3.74,1.05,3.32,0.48,2.77,0.53,1.48,0.21,1.33,0.22
255266.2101,94788.79915,55965.94863,23277.18562,52529.77135,29451.7418,11705.08366,5394.086079,851.9033987,793,15.6,15.53,32.62,4.25,18.2,3.8,1.06,3.57,0.52,2.96,0.58,1.59,0.21,1.34,0.21
264053.9866,90343.09332,52312.61588,24784.77536,46740.77614,28709.88433,15274.7191,4854.677471,851.9033987,593,14.2,17.42,36.49,4.58,18.84,3.78,1.02,3.34,0.48,2.79,0.54,1.48,0.21,1.33,0.22
270317.6146,88861.19138,45705.52472,23518.39998,45311.39461,29822.67054,14444.57132,5094.414631,697.0118717,614,11.6,17.77,39.01,4.63,19.42,3.95,0.95,3.07,0.42,2.26,0.4,1.06,0.15,0.9,0.14
297428.84,88014.39027,39098.43356,9708.877939,37020.98171,26187.56891,18927.36932,3955.663125,1161.686453,508,19,32,63,7.3,28,5.5,1.4,4.4,0.66,3.8,0.71,2.1,0.32,2.1,0.35
274010.3505,89019.96659,54100.41701,16945.3087,48384.5649,24036.18223,17350.08854,5693.757528,1006.794926,622,16,26,56,6.6,28,5.5,1.5,4.5,0.67,3.4,0.6,1.5,0.22,1.3,0.19
274991.9638,92618.87131,50835.73668,14593.4687,44239.35846,26558.49764,19425.45798,5813.626108,929.3491622,588,19,30,63,7.3,30,6.1,1.6,5.1,0.82,3.9,0.73,2,0.27,1.7,0.25
257042.4628,95953.15067,60940.69962,20322.30972,52458.30228,26706.86914,14527.5861,7072.246193,1084.240689,602,18,25,53,6.3,26,5.7,1.6,4.8,0.76,3.9,0.69,1.8,0.23,1.5,0.22
270831.793,95582.67519,49669.77941,13085.87896,50671.57536,28042.2126,15523.76343,6412.969006,851.9033987,556,18,27,58,7,30,6.2,1.7,5.4,0.84,3.9,0.69,1.8,0.24,1.5,0.21
267279.2876,92724.72144,57287.36687,15618.62973,48884.84844,26410.12615,17267.07376,6532.837585,1084.240689,653,17,28,61,7.1,30,6.4,1.7,5.2,0.757816828,3.9,0.69,1.6,0.23,1.4,0.2
291165.212,88331.94069,42907.22729,9527.96717,39450.93032,26039.19741,21500.82742,4555.006023,1161.686453,429,21,29,60,6.6,27,5.4,1.5,4.7,0.734477264,4.2,0.83,2.4,0.361678571,2.3,0.37
289342.2159,91031.11923,34667.79596,10010.39589,35520.1311,28487.32708,17765.16243,3596.057386,929.3491622,563,19,36,75,8.3,32,6,1.6,4.9,0.75,3.8,0.68,1.9,0.292401592,1.9,0.28
263072.3733,98440.62893,44695.02842,14231.64717,49027.78659,27597.09811,14361.55654,6412.969006,851.9033987,559,18,27,58,7.3,30,6.3,1.8,5.4,0.83,4,0.71,1.8,0.23,1.5,0.22
287285.5022,93148.122,38476.58969,11397.37845,37878.61063,27671.28386,18761.33976,4375.203153,774.4576352,592,12,23,46,5.6,22,4.3,1.2,3.5,0.52,2.6,0.46,1.2,0.18,1.1,0.17
323838.913,78329.10259,16867.51507,5246.412302,16652.29486,25594.08293,35530.32485,1977.831562,232.3372906,330,13,32,63,6.7,25,4.5,1,3.7,0.58,2.6,0.46,1.1,0.17,1.1,0.17
286771.3238,90078.46798,36222.40564,10613.43178,41666.4717,26781.05489,22164.94565,3536.123096,1006.794926,496,16,30,57,6.6,25,4.6,1.3,3.8,0.62,3.2,0.61,1.5,0.25,1.7,0.26
263960.4997,91348.66964,53245.38169,15920.14768,47455.46691,24332.92522,16602.95554,6173.231846,1006.794926,603,19,29,60,7.5,30,6.1,1.7,5.1,0.82,4,0.72,2,0.26,1.8,0.27
258257.7936,96694.10164,60862.96914,19658.97024,51314.79705,25371.52568,14029.49743,6952.377613,1084.240689,602,21,27,60,7.2,30,6.2,1.8,5.5,0.87,4.4,0.83,2.1,0.3,2,0.28
292333.7993,84627.18584,35367.37032,16462.87998,33161.65157,28635.69858,24821.41853,4195.400284,619.5661082,482,16.4,30.17,66.77,7.04,27.41,4.99,0.91,3.62,0.52,2.95,0.55,1.55,0.22,1.47,0.23
297756.0444,83621.60952,33113.18627,13508.00409,31160.51743,31232.19974,20753.69442,4560.999452,518.8866156,480,23,21,45,6,25,5.4,1.65,4.92,0.68,4.06,0.83,2.23,0.34,2.3,0.34
290277.0857,83092.35883,30237.15836,12301.9323,32518.42988,31454.75699,23410.16731,4501.065162,441.4408521,1150,18,24,51,6.2,26,5.6,1.66,4.54,0.65,3.53,0.64,1.63,0.22,1.5,0.23
268775.0793,85738.61229,45394.60278,24543.561,46311.96168,30193.59928,16104.86687,6335.054429,712.5010244,821,22,27,57,6.7,28,5.5,1.51,4.82,0.68,4.02,0.78,1.98,0.29,2,0.34
299625.7841,85209.3616,30159.42787,12060.71794,29445.25959,33902.88666,22995.09342,4285.301719,503.3974629,796,20,27,55,6.6,26,5.3,1.47,4.58,0.66,3.88,0.74,1.92,0.29,1.9,0.32
294016.5651,85209.3616,37777.01533,16101.05845,35948.94556,25519.89718,22995.09342,4644.907457,627.3106845,842,22,28,60,7,27,5.6,1.57,4.58,0.69,3.84,0.78,2.05,0.29,2.1,0.36
279526.0825,85209.3616,41508.07857,19658.97024,40737.3737,31899.87147,17267.07376,6041.376409,635.0552609,717,20,55,105,11.9,44,7.6,1.78,5.28,0.74,3.91,0.75,1.94,0.25,1.8,0.26
293549.1301,84150.86021,32569.07289,13869.82563,31946.67727,32419.17171,21832.88653,4800.736611,511.1420392,1177,27,26,59,7.4,32,7.3,2.06,6.02,0.87,4.9,0.91,2.44,0.34,2.2,0.35
253817.1619,83621.60952,55499.56573,46313.15688,60034.0244,23516.88199,8716.551658,4950.572335,1006.794926,871,23,27,56,6.7,27,5.5,1.46,4.56,0.66,3.8,0.78,2.07,0.28,2,0.34
294016.5651,82563.10814,29926.23642,10914.94973,28373.22344,27300.35512,25485.53675,3518.14281,518.8866156,429,21,29,60,6.6,27,5.4,1.5,4.7,0.734477264,4.2,0.83,2.4,0.361678571,2.3,0.37
291679.3905,86797.11368,38787.51162,17246.82665,35448.66203,31380.57124,21832.88653,4770.769466,689.2672953,161,6.89,12.5,37.3,3.51,12.8,2.39,0.484,2.15,0.288,1.64,0.316,0.936,0.141,0.895,0.144
292146.8254,85738.61229,36300.13613,13749.21845,33590.46603,30638.71376,22829.06387,4093.511991,673.7781426,152.3510972,15.74167508,27.07692308,58.26235094,7.420387532,28.60536138,5.021848739,0.78636826,3.894039735,0.531376518,3.122033898,0.575411488,1.502504174,0.228239203,1.512605042,0.225822785
292614.2603,84150.86021,36844.24952,15317.11178,32518.42988,30045.22778,23161.12298,4483.084875,635.0552609,515.4973822,12.84125379,24.90566038,50.40409789,6.011827654,21.73222991,3.482893999,0.572736521,2.744751381,0.363821138,2.163656885,0.405469013,1.110617009,0.175221239,1.201346046,0.185629755
259192.6635,97223.35234,55655.0267,18694.1128,58032.89026,23887.81073,12867.29054,6532.837585,1006.794926,498,31.9,18.78,42.47,5.02,21.8,5.09,1.2,4.78,0.77,4.97,1.03,3.06,0.45,2.98,0.48
248488.4038,93148.122,62495.30931,29850.27689,60748.71517,22255.72428,10874.93588,6652.706165,1084.240689,465,27.5,17.91,40.76,4.85,21.24,4.95,1.15,4.47,0.7,4.39,0.89,2.58,0.37,2.44,0.39
263680.0387,85526.91202,50447.08425,33046.36715,46812.24522,25890.82592,13365.37921,4674.874602,929.3491622,531,15.1,17.53,37.62,4.63,18.97,3.95,1.01,3.29,0.51,2.83,0.59,1.64,0.24,1.54,0.25
264848.626,85156.43653,49980.70135,32684.54561,48027.21952,26781.05489,14610.60087,4674.874602,851.9033987,885,23.1,24.15,43.55,5.88,23.66,4.78,1.22,4.04,0.63,3.65,0.77,2.22,0.33,2.19,0.36
264194.2171,83198.20897,49825.24038,35217.29637,47169.5906,26781.05489,14693.61565,4555.006023,851.9033987,465,14,16.43,35.69,4.36,17.82,3.71,0.96,3.1,0.47,2.65,0.55,1.54,0.22,1.45,0.23
275926.8336,84733.03598,43140.41874,26593.88305,42095.28616,29748.48479,17184.05898,4075.531704,774.4576352,655,14.7,20.93,41.13,5.12,20.12,3.93,0.99,3.16,0.49,2.7,0.55,1.53,0.23,1.49,0.24
263072.3733,82721.88334,43140.41874,24664.16818,41809.40985,29006.62732,16935.01465,4255.334574,697.0118717,452,13.3,17.78,38.04,4.57,18.43,3.72,0.95,3.05,0.47,2.59,0.53,1.46,0.21,1.37,0.21
259940.5593,84574.26077,53089.92072,36664.58253,50743.04444,26261.75465,14029.49743,4495.071733,929.3491622,514,15.9,15.78,33.28,4.18,17.16,3.63,0.96,3.19,0.5,2.91,0.61,1.77,0.26,1.71,0.28
261155.8901,85421.06188,51379.85006,33046.36715,49385.13198,26261.75465,14112.51221,5154.34892,851.9033987,539,14.8,16.63,36.32,4.58,19.18,4.05,1.07,3.45,0.52,2.9,0.58,1.6,0.23,1.46,0.23
260735.1987,86426.6382,52623.53781,33287.5815,49813.94644,26039.19741,12867.29054,5214.28321,851.9033987,456,14.8,16.33,37.16,4.64,19.21,4.1,1.04,3.57,0.51,2.89,0.56,1.5,0.21,1.36,0.21
265503.0349,85421.06188,50058.43183,32503.63484,48384.5649,26632.68339,14195.52699,4734.808892,851.9033987,456,14.6,16.4,36.06,4.39,17.84,3.73,0.96,3.33,0.48,2.79,0.54,1.52,0.22,1.45,0.22
266718.3657,84680.11091,49203.39651,31297.56305,45668.73999,25223.15419,13863.46788,4674.874602,851.9033987,496,16.4,18.85,40.06,5.03,20,4.14,1.01,3.73,0.52,3.02,0.59,1.69,0.24,1.54,0.24
265035.6,87485.13958,51768.50249,34312.74253,49885.41551,27151.98363,14278.54176,5214.28321,774.4576352,119.1866528,4.420946626,7.32879046,14.58356941,1.703724447,6.266787044,1.0576385,0.212614446,0.875192944,0.127016129,0.803280543,0.164112317,0.475320334,0.0784,0.57313934,0.0881
259379.6374,88331.94069,54333.60846,25809.93638,47598.40506,27671.28386,16353.91121,6832.509034,851.9033987,484,17.2,23.11,50.42,6.25,25.36,5.28,1.39,4.52,0.63,3.55,0.65,1.77,0.23,1.48,0.23
259706.8419,89019.96659,53400.84265,24965.68613,47383.99783,27597.09811,16436.92598,6652.706165,851.9033987,478,16.5,24.42,52.71,6.43,26.18,5.27,1.33,4.42,0.63,3.43,0.63,1.65,0.22,1.34,0.22
283265.5619,92089.62061,38709.78114,14714.07588,40594.43555,30193.59928,16519.94076,4321.262292,774.4576352,121.6779198,14.35364042,22.67459138,48.13460132,5.270588235,18.52941176,3.273344151,0.638433112,2.700403374,0.408812547,2.544506518,0.512245807,1.566066066,0.236048941,1.653789004,0.261711712
278123.7778,84680.11091,44539.56745,21709.29229,42238.22431,27003.61213,20919.72398,5837.599824,727.9901771,805.0314465,20.58372093,37.50618557,76.52190669,9.178264706,36.49223301,7.050980392,1.876398104,6.276118812,0.87261244,4.500873786,0.789237864,2.089303202,0.269783251,1.660194175,0.248309179
280928.3873,80975.35606,47571.05634,26111.45433,41809.40985,27003.61213,20255.60576,6065.350125,766.7130589,633.9684268,13.82953181,22.08588957,44.42932261,5.348139256,20.48657112,3.854914583,1.075310174,3.404514948,0.449435383,2.608531995,0.500827709,1.362776025,0.182324639,1.183152521,0.179725261
274384.2984,84150.86021,48581.55263,25387.81126,44382.29661,27522.91236,19010.38409,6287.106997,774.4576352,783.005538,20.5773356,25.07968281,52.84079141,6.546099142,26.86862621,5.289655601,1.480276845,4.998621856,0.73958715,4.15171521,0.781839725,2.228139367,0.303748768,1.95707779,0.302439257
284948.3276,81716.30703,45239.14181,20804.73844,42452.63154,25000.59694,21666.85698,5813.626108,697.0118717,531,18,36,77,8.5,33,6.6,1.4,5,0.78,3.8,0.65,1.8,0.25,1.6,0.23
275178.9378,82510.18307,52778.99878,21588.68511,46669.30706,25223.15419,20753.69442,6772.574744,851.9033987,513,17,33,73,8.2,32,6.5,1.4,5.2,0.73,3.7,0.68,1.8,0.26,1.5,0.24
280320.7219,81028.28113,49592.04893,21407.77434,45239.92553,26113.38316,19508.47276,6412.969006,697.0118717,511,19,33,70,8,32,6.5,1.4,5.4,0.805307125,4.3,0.84,2,0.27,1.7,0.25
282190.4616,86955.88889,43140.41874,21648.9887,42095.28616,25223.15419,21085.75354,5693.757528,697.0118717,530,19,38,80,9,35,6.7,1.5,5.3,0.79,3.9,0.73,1.8,0.26,1.7,0.25
279152.1346,86214.93792,42440.84438,21588.68511,43167.32231,25519.89718,21334.79787,5753.691818,697.0118717,532,19,37,72,9.2,35,6.6,1.4,5.4,0.66,3.7,0.7,1.8,0.26,1.6,0.24
294437.2565,85368.13681,35522.83129,12844.6646,35162.78572,23294.32475,25402.52198,4195.400284,774.4576352,446,24,36,76,8.9,33,6,1.3,5.5,0.86,4.8,0.94,2.6,0.39,2.5,0.37
236989.5047,92089.62061,44695.02842,37508.83278,63393.07101,22552.46727,9961.773324,5352.132077,1115.218995,160.2895553,13.00919842,17.37392959,32.40554758,4.366917293,15.99754199,2.878928387,0.294752929,2.385285576,0.34738041,2.176560122,0.439404972,1.191619826,0.20126917,1.372818614,0.209634727
275739.8597,90819.41895,45472.33326,10492.8246,44811.11107,24852.22545,21168.76831,6652.706165,697.0118717,436,29.8,28.55,63.49,7.26,29.87,6.42,1.29,5.29,0.81,4.87,0.95,2.67,0.38,2.48,0.38
284667.8666,88384.86576,39564.81646,15136.20101,38950.64678,28264.76984,19176.41365,5166.335778,619.5661082,376,9.76,18.2,40.9,4.34,15.4,3.35,0.944,3.01,0.457,2.24,0.461,1.35,0.173,1.26,0.185
282330.692,88914.11645,40419.85179,16704.09434,40094.15201,25223.15419,19591.48754,4722.822034,720.2456007,919.1,8.7,34.3,70.1,8.6,32.7,5.5,1,4.1,0.4,1.9,0.3,0.9,0.1,0.7,0.1
284200.4317,89443.36715,40108.92985,16040.75486,39307.99217,28338.95559,20421.63531,4776.762895,712.5010244,551.6,10.2,28.9,59.3,6.3,23,3.9,0.8,5.4,0.4,2,0.4,1.1,0.1,0.9,0.1
283078.5879,81716.30703,42363.1139,23819.91792,38164.48694,25000.59694,24655.38898,5154.34892,774.4576352,459,22,38.7,79.1,9.693249042,36.5,6.6,1.37,6.5,0.71,4.276038781,0.824293629,2.049861496,0.26,1.39,0.212385093
262745.1689,89866.7677,46793.7515,32262.42048,52243.89505,28190.58409,16685.97032,5813.626108,851.9033987,858,26,40.5,89.2,10.8,41.1,7.1,1.8,5.3,0.781561977,4.1,0.9,2.3,0.330947399,2,0.29
296353.7397,84680.11091,31403.11562,11517.98563,30374.35758,28784.07007,26979.80275,4291.295148,588.5878028,45.993361,6.92525026,15.30568049,31.68809467,3.427229425,10.82454403,1.701222361,0.567424791,1.967098444,0.292317973,1.309827446,0.266944259,0.680094644,0.130252027,0.743141746,0.124151416
271486.2019,85791.53736,54178.1475,25809.93638,44239.35846,28561.51283,22164.94565,7311.983352,774.4576352,693,18,38.9,73.6,9.07,34.6,6.41,1.72,4.92,0.68,3.62,0.64,1.85,0.25,1.48,0.21
309395.1739,82298.48279,25262.40737,7236.430762,21583.66115,30267.78503,30881.4973,3416.254517,387.2288176,96.0251046,9.535353535,18.08219178,42.56964184,4.545556805,16.61193523,2.754484305,0.452695829,2.117062396,0.295131846,1.768492377,0.343788507,0.948053393,0.153403431,1.049327354,0.161148649
298176.7359,86162.01285,34201.41305,12603.45024,29945.54312,29971.04203,26481.71409,4614.940312,542.1203446,16.64921466,8.483877051,12.31660232,25.61863173,3.310030395,12.03799298,1.933437337,0.186768817,1.495145631,0.221709007,1.389133627,0.315616728,0.94711088,0.169595687,1.221563342,0.191770439
290510.8032,88331.94069,38243.39823,14291.95075,33947.81142,30564.52802,23991.27075,4854.677471,619.5661082,28.22665268,3.487450462,3.714562167,11.9844358,1.039431616,3.991522795,0.753958333,0.0939,0.636813987,0.0971,0.595231144,0.136667729,0.423916449,0.0728,0.54851271,0.0866
298270.2228,84838.88612,36766.51903,12181.32512,29874.07405,29229.18456,24406.34464,4375.203153,464.6745811,519,14.5,40.2,76.6,8.98,30.4,5.65,1.32,4.1,0.57,2.69,0.47,1.13,0.15,0.96,0.14
309956.0959,79281.75384,26506.09512,7236.430762,21655.13023,28932.44157,30051.34953,3296.385937,309.7830541,392,9.87,40.5,74.1,8.87,32.7,6.11,1.29,3.81,0.46,2.26,0.35,0.92,0.12,0.72,0.1
288033.3981,87590.98972,38632.05065,12060.71794,31732.27004,29451.7418,22746.04909,4375.203153,464.6745811,532,12.7,36.6,68.5,7.94,26.7,4.81,1.27,3.45,0.49,2.43,0.44,1.08,0.14,0.92,0.13
280928.3873,87643.91479,44928.21988,17910.16614,37664.2034,28561.51283,20670.67965,5513.954659,619.5661082,517,14.9,31,58.3,7.27,28.1,5.61,1.37,4.37,0.58,3.11,0.55,1.52,0.2,1.24,0.17
307338.4603,82933.58362,33268.64724,10613.43178,27158.24913,28784.07007,27975.98008,4015.597415,464.6745811,452,17,46.5,87.8,10.2,33.3,6.21,1.32,4.56,0.67,3.13,0.56,1.43,0.21,1.26,0.19
285509.2495,87749.76493,43995.45406,15859.84409,36663.63633,28487.32708,22497.00476,5513.954659,619.5661082,507,18.1,34.1,63.8,7.89,30.7,5.98,1.41,5,0.65,3.62,0.64,1.81,0.26,1.57,0.22
297569.0705,82668.95827,35600.56177,11517.98563,29516.72866,26558.49764,29885.31997,4375.203153,464.6745811,432,15.9,39,73.7,8.9,33.4,6.61,1.38,5.21,0.65,3.31,0.56,1.58,0.22,1.4,0.2
309114.713,82245.55772,31247.65465,9407.35999,24228.01699,28561.51283,29719.29042,3655.991676,387.2288176,413,11.9,36,67.9,8.31,31.6,5.9,1.26,4.25,0.52,2.58,0.42,1.11,0.15,1,0.15
310610.5047,77746.92683,26739.28657,7537.94871,21011.90854,26855.24063,28308.03919,3236.451648,309.7830541,397,10.9,42.2,79.4,9.42,31.3,5.75,1.23,3.82,0.52,2.16,0.38,0.9,0.11,0.72,0.1
309815.8654,79334.67891,27749.78286,7357.037941,21154.84669,29006.62732,29055.17219,3356.320227,387.2288176,403,10.4,37.2,71.1,8.38,28.2,6.01,1.23,3.47,0.48,1.96,0.35,0.88,0.11,0.7,0.1
330110.9628,71042.35449,20676.3088,4312.921062,19769.08471,27042.70829,24374.10454,1893.481074,635.8513956,310.5171818,10.22254699,32.47863731,55.9794227,5.701054722,17.37967815,2.859246477,0.888001542,2.35041112,0.275040317,1.617447513,0.308798932,0.915945268,0.156326243,1.111123489,0.195254795
355389.1713,68089.47614,8628.083748,1451.531525,9317.951818,25066.60199,39643.31854,888.7502219,552.3028517,133.9338187,16.26902165,23.87989868,45.25335398,4.700390967,14.54423941,2.748223661,0.45679395,2.478378639,0.351480472,2.139683518,0.415545219,1.271221693,0.234366311,1.647395525,0.279645706
350023.7809,69902.14786,11037.72876,1487.511475,10818.92008,28514.63357,39590.02514,1037.147841,594.1289387,163.351539,14.68650533,44.45832197,79.37102376,7.6380263,22.50845473,3.558894878,0.654147749,3.052503283,0.367263362,2.143279994,0.407068949,1.278649693,0.224942769,1.597075458,0.258066187
349777.5351,62510.88312,9094.466653,3020.800629,8505.188976,21792.89857,36785.56659,859.0286038,486.8092773,123.3294734,12.70732794,21.28030345,39.19906321,4.194594797,13.22082775,2.619565048,0.471943171,2.159590825,0.298247641,1.827259632,0.360354422,1.116540107,0.195113172,1.383673066,0.237450002
338029.3759,65822.16966,7695.317937,3111.14292,16381.56939,22092.68987,39928.58021,814.6615505,467.8018953,123.7843388,15.00769121,26.33544176,48.37121889,5.015056515,15.59503744,2.937291299,0.45572485,2.472672262,0.343347728,2.082799153,0.407057087,1.255945392,0.231444938,1.644979227,0.275289467
337814.2055,67757.23897,9327.658106,3583.402667,10125.02748,21071.98882,40594.4032,937.7297701,538.5226017,124.8602888,14.92532329,23.33390343,45.61563426,4.710532499,14.8647452,2.807782774,0.479621767,2.425610035,0.344865368,2.089723845,0.406830662,1.285604228,0.225117849,1.640211845,0.28645273
334263.6099,72648.61166,8472.622779,3673.04317,21693.24966,21162.72192,45268.8805,919.7712513,477.8059982,139.8306693,15.59389673,29.0824295,49.25887156,5.429910363,16.66560774,2.956506839,0.593450577,2.646076895,0.357718785,2.222664266,0.432211242,1.309960259,0.23412692,1.734132753,0.29338277
327822.7179,70489.28048,16712.05411,4214.055697,15370.44339,23533.89786,31971.94752,1601.46303,525.5746226,243.8425976,12.9145084,33.20037261,59.34694388,5.97975521,18.32804728,2.97012706,0.732260413,2.540399854,0.313818563,1.859561036,0.362744415,1.12642515,0.188604775,1.377222191,0.230828255
346527.43,62759.54732,10182.69343,4868.960255,9828.340946,18182.24116,36059.96869,1135.278373,447.5870253,151.1927649,13.89155262,24.91269486,46.91898514,4.736465235,14.83557771,2.824560094,0.579983077,2.339802802,0.32408844,2.021480376,0.390909929,1.214217759,0.223935266,1.55083819,0.266802624
335567.0575,67909.44765,14380.13958,3842.385099,14378.38321,18132.8764,31118.00123,1496.123236,432.855571,226.3566097,13.21474867,43.783006,72.65281941,7.524841349,24.18205452,3.596936222,0.627040512,2.593906661,0.316145701,1.967218036,0.394701525,1.240297794,0.207610334,1.432760606,0.267583253
324144.56,68651.20727,20598.57832,5423.722833,14640.61117,24710.71096,30752.04823,1997.864179,581.3275567,190.1486519,14.16079076,30.48290037,53.3449485,5.844103138,18.84501834,3.424780958,0.592428382,2.586213991,0.352903195,2.056709631,0.416241469,1.268515666,0.215128723,1.571217825,0.240684762
354388.2533,67022.70378,8705.814232,1935.977573,8696.559135,25740.01531,34419.90571,1000.375217,464.2599907,123.0472276,15.64237466,35.8116524,63.05651417,6.651741378,20.75582486,3.406929234,0.433709966,2.497737416,0.363692053,2.170310187,0.444984753,1.447137007,0.254137879,1.777313637,0.285094112
349096.2685,65095.24844,8705.814232,2457.197852,6826.944227,19410.05072,35963.5683,888.3406369,477.6083489,129.9369129,14.36925499,28.75380598,51.46268731,5.5582534,17.36498987,2.878531854,0.443483651,2.269190808,0.30875632,2.101483454,0.392843729,1.283006959,0.224652314,1.631239483,0.278631716
352453.0411,66555.5568,10260.42392,1037.302037,10185.17699,26894.32612,40988.11013,971.1945423,549.2393838,157.0523785,17.06764289,28.5663583,51.85974449,5.370005212,16.62165516,3.160069446,0.528625006,2.692157879,0.382833798,2.396421184,0.474477607,1.459432177,0.262977455,1.945786167,0.326759215
345213.3641,66226.35387,9327.658106,2351.991149,9921.133987,23404.08815,35752.25466,911.889113,521.4649322,150.8205254,15.66507425,29.3321359,47.78794003,5.546973249,17.40556639,3.242049497,0.511444657,2.646358134,0.371695381,2.223194569,0.432454647,1.351078246,0.246537842,1.777350052,0.302090536
331341.6035,73320.65006,16090.21023,2625.789448,16227.34707,25695.94427,27367.9562,1712.803302,437.0376267,261.9903833,10.51229009,31.72855746,53.27645908,5.629567837,18.15878816,3.096125284,0.627441278,2.190115562,0.273788039,1.596694799,0.299281669,0.992918344,0.152341995,1.164385233,0.177648053
329998.894,74819.52925,20365.38686,3049.6733,19002.59252,24317.53239,27224.37182,2065.329794,428.8312103,277.8085298,10.52044277,28.66738745,48.82799606,5.094653045,16.41337466,2.695338338,0.674176192,2.068499973,0.27437151,1.727100823,0.308724313,1.010794386,0.162372551,1.10982074,0.182553966
346440.7964,63869.92517,11348.6507,2637.528205,12040.32824,24460.11769,34757.8218,1128.086421,505.9457925,185.7637665,11.76191978,31.10869615,54.46188212,5.557647299,16.94466665,2.898300803,0.63832904,2.434186461,0.301039455,1.747649832,0.339979959,1.02235833,0.182310529,1.244632754,0.225934357
348627.7226,65355.83915,10027.23246,2653.348943,9884.186575,24653.47412,37850.66549,992.6480393,528.0052579,160.1186829,12.36199918,28.73423615,51.31049121,5.205347597,15.86916485,2.672914738,0.612935016,2.275366463,0.294184855,1.757290999,0.342615089,1.122181182,0.198072691,1.344562232,0.232000563
354543.5994,65094.28415,10493.61537,3892.408446,11365.15951,21291.69871,31094.90893,1026.026812,572.2565823,148.5067836,12.70222786,25.35604582,46.1790897,4.712021705,14.5304519,2.685370959,0.544056323,2.257346732,0.309256251,1.832462282,0.359414509,1.125187251,0.204062371,1.389804663,0.248182265
351451.9221,63864.53777,9949.501979,2440.028498,11043.67311,22363.14916,30078.92921,950.7317711,539.4600594,153.556841,12.82461789,28.68826995,51.61160837,5.221103192,15.90788324,2.756071994,0.552361883,2.325015948,0.297935508,1.872645339,0.361256634,1.13549453,0.204175083,1.382548066,0.243427347
353046.0883,62880.01002,9871.771495,2591.141949,10549.67683,20710.8116,30142.04188,934.7516352,532.7472155,173.5110011,13.82943715,28.16811631,50.32450394,5.196847096,15.99797819,2.936704177,0.544068033,2.384343451,0.318720717,1.983515177,0.387502695,1.170949475,0.217852033,1.511636912,0.25495943
343670.4373,65110.70045,9949.501979,2132.328093,10934.82598,25760.69944,36047.77096,960.4281802,527.4639585,151.2519977,12.78820055,26.73522673,47.52203331,4.933914297,15.2664337,2.723402492,0.549983299,2.221739893,0.301910623,1.784500808,0.359721965,1.119923432,0.203309571,1.383841829,0.245593759
347346.9769,65958.47056,10959.99827,2666.593517,11081.89854,23824.08039,33934.26492,1049.41443,540.0649496,169.5987382,12.82002634,30.7615123,54.8519228,5.515390535,16.94166889,2.839921915,0.601177436,2.432291815,0.311710376,1.86041344,0.355856735,1.109298209,0.19393309,1.37916933,0.229822883
338702.362,62201.45728,11193.18973,3838.433797,15151.15022,24461.15451,35321.61175,1093.382831,519.2470017,181.4953634,11.79288485,24.46806127,44.67545597,4.590744152,14.2680626,2.568156391,0.591065198,2.095632722,0.290526026,1.720055522,0.332207096,0.976360251,0.179355348,1.269454972,0.215057645
337049.873,70147.32462,13291.9128,2933.93601,13506.01511,26107.43028,35014.66107,1327.752922,422.2848593,203.9965925,13.40847145,27.96670368,50.98097878,5.288176811,16.7231588,2.955970539,0.661949191,2.56438473,0.336844301,2.037010087,0.383580242,1.183145973,0.199068218,1.469766412,0.251194019
336292.4039,68181.32818,11426.38118,3842.656188,10974.93731,23767.39277,39006.32801,1137.545358,544.8790944,157.8262881,14.4177149,26.71932333,48.31416611,5.059508332,15.98479859,2.894214498,0.605863006,2.567524046,0.343060743,2.164208204,0.398170907,1.263275624,0.223294263,1.65189349,0.267955868
347298.2944,67959.63697,14302.4091,3776.724874,14695.05634,23246.23637,29950.25848,1425.966595,465.2986933,216.6007364,11.97661897,31.87129587,54.18025543,5.640907208,18.05578306,2.997782699,0.606475565,2.333451808,0.291881859,1.762660198,0.348429387,1.124238307,0.182945642,1.396841674,0.187888837
346424.6846,65462.19319,8317.161811,1740.772157,9575.389364,25188.06656,29841.63376,1025.488056,480.2903344,154.2393866,12.31782196,30.24582012,51.58116618,5.444161594,17.14022156,3.062964026,0.54614762,2.091221561,0.27372675,1.664542701,0.322567592,1.089721338,0.180429347,1.407084578,0.202143749
344718.042,66912.48616,8705.814232,2224.863384,10817.59491,26019.52221,29602.57149,1140.61509,416.1201456,197.031262,11.03662007,40.7115232,66.46399267,6.942538386,21.54938404,3.14491087,0.656189879,2.190243444,0.268997227,1.565395518,0.308291942,0.968703559,0.166198237,1.28708864,0.197968818
349098.3781,66044.13227,7617.587453,2102.47951,8252.921352,26381.27694,32484.45535,877.992742,428.4403648,135.1040372,11.75904695,22.43958467,40.60266726,4.398303131,13.45146823,2.481717755,0.514993746,1.870789643,0.26653575,1.716596377,0.34017102,1.066115711,0.193293443,1.396094142,0.214234277
349710.3973,67836.59677,5285.672926,1284.420364,4590.873744,28144.41263,39984.25549,945.7950496,740.8256197,50.71647572,20.38405944,29.81257985,57.87297312,6.339908475,20.67691625,4.257625245,0.286123947,3.080749307,0.460695481,2.845054974,0.563259867,1.87775095,0.305418195,2.331020091,0.337633226
366433.2514,64956.35729,5752.055832,938.2095922,3708.877163,25577.95702,36625.37487,786.6549642,639.5648425,33.44697131,20.15898349,33.49479324,63.59392261,7.034505982,22.57717995,4.159728256,0.328321548,3.083049292,0.46525399,2.899257175,0.560308398,1.790862446,0.317356951,2.268425676,0.347356922
350278.9061,63158.94435,7151.204548,1492.062201,6722.849846,29579.98336,37146.19557,1072.464151,404.397312,106.8253942,11.92514988,42.22390277,70.20731414,7.233578358,22.41007254,3.467977194,0.730696474,2.767420465,0.39041425,2.002117359,0.387772048,1.219865364,0.193495762,1.384644175,0.200666941
350013.1739,69197.43246,8783.544716,1202.081083,7381.153926,26382.96311,39429.97496,1309.267611,465.1660984,127.6976794,14.95038725,39.88178598,68.49478276,7.372964549,23.20991209,3.852302079,0.655608618,2.677065905,0.377329398,2.239431012,0.420527085,1.438075567,0.220250156,1.657551749,0.258185733
287799.6806,88967.04152,39642.54695,13447.7005,34876.90941,32344.98596,21583.8422,5034.480341,542.1203446,570,13.6,26.61,56.79,6.39,25.52,4.93,1.06,3.57,0.48,2.58,0.46,1.23,0.17,1.11,0.17
267419.5181,88755.34125,48037.43924,23035.97126,45168.45645,29822.67054,14610.60087,5154.34892,697.0118717,632,13.3,18.77,40.22,4.82,20.35,3.91,1.02,3.45,0.47,2.57,0.47,1.26,0.17,1.11,0.17
274804.9898,90819.41895,43373.61019,19538.36306,43238.79138,31380.57124,16270.89643,4974.546051,619.5661082,615,12.5,20.8,45.56,5.12,21.21,4.05,0.99,3.08,0.42,2.35,0.43,1.15,0.16,1.01,0.16
310049.5828,87008.81396,27594.3219,8382.198966,20297.21777,22255.72428,31711.64508,4135.465994,464.6745811,486,18,45,86,10,37,7.2,1.6,5.7,0.83,3.9,0.7,1.8,0.25,1.6,0.24
292661.0038,87167.58917,34590.06547,9347.056401,22012.47561,18546.4369,33288.92586,4555.006023,619.5661082,483,17,47,86,10,37,6.9,1.8,5.5,0.83,3.9,0.69,1.8,0.25,1.5,0.23
300233.4495,77005.97586,32569.07289,10191.30666,25300.05314,23591.06774,32541.79286,4794.743182,464.6745811,544,20,52,98,12,42,7.6,1.7,5.9,0.88,4.2,0.71,1.8,0.27,1.6,0.23
271532.9454,83939.15994,65682.25916,20925.34562,37807.14156,16469.23597,26564.72886,9229.880625,697.0118717,504,25,32,64,8,33,7.5,1.7,6.7,1.1,5.6,1,2.6,0.35,2.1,0.33
292754.4908,78382.02766,45550.06375,20262.00613,31374.92466,19288.29438,23078.1082,6233.166136,619.5661082,529,22,42,79,10,36,7,1.6,5.7,0.87,4.4,0.8,2.1,0.29,1.7,0.27
270925.28,87538.06465,43295.87971,18151.38049,42809.97692,25890.82592,20255.60576,4974.546051,697.0118717,569,21,30.42,60.68,7.38,28.52,5.51,1.3,4.62,0.7,3.86,0.76,2.09,0.3,1.95,0.31
264755.139,94735.87408,47571.05634,18271.98767,47169.5906,29451.7418,16602.95554,4914.611761,851.9033987,499,13.8,17.89,40.13,4.58,18.17,3.62,0.97,3.08,0.48,2.71,0.55,1.55,0.22,1.45,0.23
261950.5295,89284.59194,49358.85748,24664.16818,52672.70951,25890.82592,15855.82254,5154.34892,851.9033987,599,17.3,20.47,42.33,5.38,21.63,4.36,1.15,3.75,0.57,3.22,0.65,1.78,0.25,1.64,0.26
266157.4438,84733.03598,41430.34809,18271.98767,51672.14243,24184.55372,19757.51709,4794.743182,697.0118717,389,16.3,23.61,52.02,5.83,22.85,4.55,1.03,3.86,0.54,3.17,0.58,1.68,0.22,1.54,0.23
262417.9644,93042.27186,52468.07684,21106.25639,49456.60105,24703.85395,16270.89643,5693.757528,851.9033987,436,22.5,23.51,49.63,6.05,24.08,4.93,1.11,4.53,0.67,4.11,0.82,2.32,0.33,2.19,0.34
246571.9206,87167.58917,71745.23693,34312.74253,58890.51918,27819.65535,11954.12799,10548.435,929.3491622,190.7976366,5.913413021,11.81623096,31.41487853,2.343775251,7.528683345,1.48074877,0.641978417,1.41769979,0.220342835,1.046009964,0.247694208,0.693165598,0.145374162,0.825045091,0.154937118
263072.3733,87220.51424,55732.75718,25327.50767,47955.75044,30787.08526,20421.63531,8630.537727,697.0118717,160,8.61,7.07,21.2,1.82,6.04,1.36,0.24,1.42,0.229,1.54,0.315,1.01,0.168,1.14,0.187
278264.0082,86585.4134,49281.12699,19779.57742,39665.33755,32270.80021,23410.16731,7851.39196,774.4576352,241.3499233,8.642060086,30.02955665,44.83175151,5.350044763,18.28284639,2.780090498,0.550588235,2.213070725,0.282802548,1.648771611,0.319838798,0.923748863,0.132554318,0.912217195,0.145241152
276581.2425,86320.78806,49669.77941,19900.1846,39665.33755,32567.5432,23991.27075,7911.32625,774.4576352,32.32721163,2.311059235,2.696674505,5.047814608,0.644776119,2.272366896,0.464551894,0.0783,0.419981724,0.0652,0.43146485,0.0934,0.312170951,0.0546,0.425746843,0.0698
276254.0381,87432.21451,48970.20505,19297.1487,40094.15201,32790.10044,23327.15253,7491.786221,851.9033987,519.5263013,13.76319544,18.01589638,37.44334689,4.404311098,16.83024566,3.096751618,0.847058824,2.815820543,0.397395679,2.40771028,0.494407028,1.454758419,0.208680454,1.447130789,0.234768815
277422.6254,86797.11368,50913.46716,20503.22049,40451.49739,32641.72895,23161.12298,8091.129119,774.4576352,344.2056695,3.716277871,17.35053678,33.59181427,3.612982806,11.92069263,2.144636645,0.128879237,1.91853625,0.175123312,0.821636732,0.140248515,0.373470459,0.052220482,0.360700154,0.0494
247693.7644,83886.23487,61407.08253,29488.45535,53887.68381,31528.94273,20670.67965,9649.420653,851.9033987,553.5409204,20.75934913,26.82768778,51.90697674,6.66278053,25.93991516,4.705607749,1.231661351,4.220909628,0.588451288,3.566335476,0.724641078,2.172868444,0.306382979,2.098513553,0.34072071
248394.9168,83939.15994,60474.31672,30212.09843,53601.8075,31306.38549,20919.72398,9649.420653,851.9033987,623,15.8,21.1,44.2,5.18,20.9,3.92,1.15,3.95,0.515,2.94,0.558,1.6,0.229,1.52,0.24
248348.1733,84521.3357,61484.81301,30031.18766,54602.37458,31009.6425,20753.69442,9769.289233,851.9033987,491,7.11,7.25,18.7,1.78,7.13,1.4,0.449,1.48,0.207,1.27,0.259,0.8,0.122,0.819,0.131
263399.5778,87538.06465,53944.95604,25146.5969,46169.02353,30787.08526,19923.54665,8750.406307,774.4576352,960,7.638959714,22.23350254,42.45524297,5.708165997,22.31947484,3.769230769,0.85203252,2.70437018,0.283360791,1.523287671,0.252619967,0.417204301,0.0763,0.50137741,0.0727
282938.3574,84415.48556,43762.26261,18633.80921,38664.77048,32641.72895,26813.7732,7371.917642,619.5661082,1117,6.838469827,18.66137916,40.75645211,4.026003651,13.49172822,2.433284132,0.775832136,2.257529174,0.314301348,1.412811283,0.308015261,0.860722191,0.166773254,0.938118219,0.170700188
240261.5492,82086.78251,67159.13836,36061.54663,55888.81796,24407.11096,12286.1871,9050.077755,929.3491622,410.413,18.983,42.281,85.2,8.72,28.73,5.014,1.151,3.612,0.531,3.301,0.631,1.518,0.239,1.831,0.241
262698.4254,94735.87408,27982.97432,21226.86357,50099.82274,27151.98363,12701.26099,4986.532909,898.3708568,103.55,7.69,28.09,56.75,5.43,18.03,2.58,0.57,1.9,0.27,1.55,0.29,0.88,0.13,0.83,0.14
270878.5365,87485.13958,48970.20505,23397.7928,44096.4203,23739.43924,22164.94565,4794.743182,929.3491622,456,35,46,91.4,11.40607109,44.2,8.4,1.56,8.7,1.09,6.741018538,1.343767313,3.491157042,0.47,2.89,0.42
269195.7708,84362.56049,48737.0136,32081.50971,44882.58015,25890.82592,16436.92598,4495.071733,851.9033987,494,15.7,19.22,40.46,4.96,19.95,4.04,0.99,3.46,0.53,2.98,0.61,1.69,0.24,1.6,0.25
293736.1041,81980.93237,36144.67516,13568.30768,31017.57927,29896.85629,25817.59586,4794.743182,619.5661082,469,17.9,27.62,58.14,7.03,27.35,5.26,1.1,4.16,0.63,3.4,0.67,1.86,0.27,1.74,0.27
258398.0241,90819.41895,52701.2683,25930.54356,50885.98259,26261.75465,14693.61565,5813.626108,851.9033987,615,17.6,19.36,40.99,5.19,21.45,4.58,1.22,4.02,0.62,3.38,0.67,1.8,0.25,1.57,0.24
260594.9682,85632.76216,52545.80733,33287.5815,49956.88459,26632.68339,13863.46788,5334.15179,851.9033987,541,15.2,16.88,36.45,4.65,19.45,4.13,1.08,3.48,0.53,2.92,0.59,1.61,0.23,1.45,0.23
257883.8457,85738.61229,53012.19023,33166.97433,50743.04444,26484.3119,12867.29054,5274.2175,851.9033987,558,15.4,16.92,36.48,4.68,19.61,4.15,1.09,3.52,0.54,2.97,0.6,1.64,0.23,1.49,0.23
285135.3016,89443.36715,34590.06547,10553.12819,31089.04835,30861.27101,21915.90131,4555.006023,619.5661082,203,23,35,77,8.3,30,5.7,1.02,4.7,0.71,4.4,0.82,2.6,0.4,2.6,0.43
295886.3047,82563.10814,31558.57659,14352.25434,28659.09974,30935.45675,25568.55153,3919.702551,526.6311919,204,16,34,64,6.9,23,4,0.78,3.3,0.52,3,0.6,1.8,0.28,1.9,0.31
288874.7809,83621.60952,35989.21419,20322.30972,33733.40419,29971.04203,21168.76831,4045.56456,619.5661082,204,17,34,67,7.2,23,4.1,0.8,3.4,0.5,3.1,0.6,1.8,0.27,2,0.32
297288.6095,88914.11645,33113.18627,9950.092298,30731.70297,36202.64483,22580.01953,4063.544846,650.5444136,49.11813644,6.689536878,11.37745975,28.47457627,2.879571811,10.44269904,1.940028902,0.314808044,1.612604263,0.234200743,1.470311027,0.285175406,0.835714286,0.120850429,0.84,0.12476583
299625.7841,84680.11091,32569.07289,13628.61127,31231.9865,32048.24297,23742.22642,3913.709122,549.864921,611.2852665,17.82551347,26.90418873,54.62729913,7.476106195,30.62171358,5.722741433,1.32885906,4.568655992,0.561059908,3.076317085,0.584081073,1.27867151,0.198602902,1.264911338,0.186299892
294484,84680.11091,35134.17886,13568.30768,32518.42988,36276.83058,20006.56143,5424.053224,518.8866156,1347,26,59.9,117,14.94802118,60,10.7,2.75,7.340733752,0.9,4.323,0.847643081,2.156164218,0.282258118,1.51,0.21973
296821.1746,85738.61229,32335.88143,11035.55691,30374.35758,33309.40068,23742.22642,5226.270068,487.9083102,218,10,42,78,8.6,27,4.5,0.71,2.83,0.41,2.54,0.38,0.99,0.12,0.8,0.1
287939.9111,87326.36437,37232.90194,14653.77229,33376.0588,32493.35745,20919.72398,5681.77067,650.5444136,622,15,45,83,9.1,30,4.7,0.93,3.36,0.47,2.52,0.5,1.44,0.21,1.6,0.24
294203.539,85685.68723,36455.5971,15196.5046,32518.42988,31751.49998,24572.3742,5873.560398,542.1203446,352,14,36,69,7.4,25,4.3,0.89,2.87,0.42,2.47,0.44,1.28,0.2,1.5,0.24
303505.4939,87538.06465,28449.35722,9708.877939,27587.06359,32493.35745,27062.81753,4315.268864,387.2288176,379,16,43,83,9.4,32,5.4,1.13,3.93,0.56,2.94,0.58,1.47,0.23,1.6,0.23
290464.0597,91772.0702,34045.95209,13327.09332,35520.1311,22181.53854,29138.18697,4255.334574,542.1203446,390,18,43,85,9,31,5.7,1.14,3.91,0.58,3.18,0.56,1.63,0.26,1.7,0.25
290464.0597,89443.36715,36766.51903,14533.16511,35162.78572,24703.85395,28972.15742,4495.071733,619.5661082,500,42,50,107,13.3,50,11.1,1.6,10.2,1.6,8.7,1.5,3.4,0.5,2.8,0.5
261997.273,86267.86299,52312.61588,25930.54356,48884.84844,23516.88199,16768.98509,5933.494687,929.3491622,488,21,22,49.6,6.4,23.2,4.4,1.2,3.6,0.553992013,3.1,0.7,1.4,0.230795419,1.6,0.21
276721.473,70549.1174,36377.86661,33166.97433,14937.03702,6157.417052,66411.82216,9349.749204,232.3372906,602,34,95.04,237.1,34.16150124,159.7,32.51,5.35,17.5,2.230067655,8.76,1.477196341,2.96,0.426381832,2.58,0.36
269195.7708,75471.14885,46094.17714,26473.27587,26729.43467,20030.15185,49310.77795,5454.020369,464.6745811,1359,24,69.04,130.75,17.15540377,71.49,15.52,3.48,10.42,1.363362361,5.7,1.031823476,2.34,0.330966576,1.96,0.33
294811.2044,71448.84358,26817.01705,25146.5969,15437.32056,18991.55139,46322.24596,3895.728835,774.4576352,555,18,53.58,112.67,14.8883129,62.64,12.59,2.44,7.94,1.025421702,4.16,0.761958537,1.76,0.245542547,1.43,0.25
291913.1079,71713.46893,26195.17318,28945.72305,13722.06272,17656.20793,46073.20162,4614.940312,387.2288176,374,15,39.32,96.82,14.06525662,66.35,14.1,2.56,8.59,1.082177769,4.13,0.758629268,1.76,0.239405901,1.35,0.24
307759.1517,73883.39677,24096.45011,18995.63075,11006.23781,16617.60746,42503.56618,3236.451648,464.6745811,178,14,35.57,79.93,10.95719484,48.33,10.79,2.19,6.92,0.887412244,3.54,0.664147409,1.59,0.214777814,1.2,0.21
324306.3479,85368.13681,13214.18232,3497.608202,16152.01133,32790.10044,28225.02442,1738.094403,309.7830541,584,6.4,21.5,35.9,4.4,15.5,2.4,0.7,1.6,0.2,0.9,0.2,0.5,0.1,0.6,0.1
280273.9784,96059.00081,28993.47061,6995.216403,44096.4203,27671.28386,13116.33488,3236.451648,1006.794926,827,10.5,22.8,42.3,5.2,19.3,3.6,1,2.2,0.4,1.7,0.3,0.9,0.2,1.1,0.2
290370.5727,94418.32366,28604.81819,4884.590764,37092.45079,27745.46961,15523.76343,3416.254517,697.0118717,882,10.5,21,40.6,5,19.1,3.4,1.1,2.5,0.3,1.8,0.4,1,0.2,1.1,0.2
303926.1854,85632.76216,27361.13044,4281.554867,17366.98563,29006.62732,24572.3742,2397.371591,3097.830541,657,6,18.7,35.1,4.2,15.5,2.4,0.8,1.6,0.2,1.2,0.2,0.5,0.1,0.6,0.1
306029.6425,86320.78806,17411.62846,5125.805123,27944.40898,29971.04203,22164.94565,2157.634432,464.6745811,851,5.8,18.3,32.1,4,14,2.4,0.6,1.4,0.2,0.9,0.2,0.5,0.1,0.5,0.1
284854.8406,96905.80192,39409.3555,13025.57537,41380.59539,27968.02685,15523.76343,3775.860256,774.4576352,684,31.8,30.2,47.3,7.2,29.3,5.9,1.9,5.8,0.7,4.8,1,3,0.5,2.7,0.5
281349.0787,95423.89998,39953.46889,13025.57537,40880.31185,27300.35512,15523.76343,3835.794545,774.4576352,678,64.6,21.5,35.9,4.4,15.5,2.4,0.7,1.6,0.2,0.9,0.2,0.5,0.1,0.6,0.1
282190.4616,95000.49942,41119.42615,13688.91486,42595.56969,27226.16937,15440.74865,4015.597415,774.4576352,671,29,31.7,53.4,8.1,35,7.1,2.5,6.2,0.8,5.4,1.1,2.8,0.5,2.8,0.5
284714.6101,93412.74735,30625.81078,13749.21845,40665.90462,34051.25815,18263.25109,3655.991676,619.5661082,1005,9,23.5,41,5.6,21.6,3.5,1,2.3,0.3,1.7,0.3,0.9,0.2,0.9,0.1
298503.9403,94312.47352,25106.9464,4040.340509,27587.06359,35831.7161,20753.69442,3236.451648,309.7830541,1029,8,20.6,39.7,5,18.8,3.1,0.9,2,0.3,1.4,0.3,0.7,0.1,0.6,0.1
298503.9403,94471.24873,24329.64156,4040.340509,28873.50697,36128.45909,20587.66487,3236.451648,232.3372906,1069,9,22.2,41.7,5.4,19.9,3.5,1.1,2.3,0.3,1.5,0.3,0.7,0.1,0.7,0.1
304253.3898,86373.71313,16401.13217,5065.501533,30445.82666,25890.82592,22247.96042,2337.437301,697.0118717,917,6,17.8,32.5,4,14.8,2.5,0.7,1.7,0.2,1.1,0.2,0.5,0.1,0.6,0.1
324680.2959,87432.21451,12359.14699,2713.661536,15723.19687,34496.37264,27477.89142,1618.225824,232.3372906,630,5,18.6,33.1,3.9,13.3,2,0.6,1.1,0.2,0.9,0.2,0.5,0.1,0.6,0.1
281769.7701,83409.90924,38165.66775,13266.78973,32661.36804,26781.05489,31047.52686,5154.34892,542.1203446,679,16.5,40.9,84.8,10.03332236,35.6,6.5,1.4,4.4,0.619217429,3,0.622989329,1.7,0.238610054,1.4,0.213913043
268167.414,87432.21451,50058.43183,21648.9887,43453.19861,32048.24297,21002.73876,7012.311903,697.0118717,911,15.1,42.1,85.2,10.37834805,38.7,6.9,1.7,4.7,0.646428484,3,0.503551829,1,0.169237189,1.2,0.183354037
300186.706,82086.78251,31791.76804,11035.55691,26586.49652,30564.52802,29636.27564,4794.743182,387.2288176,693,13.1,46.2,94.6,11.2320096,40.1,6.1,1.3,4.2,0.564389733,2.5,0.396876524,0.7,0.130739325,1,0.152795031
293455.6432,81980.93237,34590.06547,12000.41435,27944.40898,31083.82825,28557.08353,5274.2175,464.6745811,704,13.1,44,89.4,10.69625995,38.7,6.7,1.4,4.5,0.598938187,2.6,0.493286585,1.2,0.169333075,1,0.152795031
289342.2159,84891.81119,33812.76063,12060.71794,27444.12544,29748.48479,28640.09831,5094.414631,464.6745811,734,13.2,44.7,89.8,10.99051977,41.3,6.6,1.4,4.3,0.588134882,2.7,0.470259146,1,0.161566382,1.1,0.168074534
285415.7625,85262.28667,37932.4763,16040.75486,34376.62588,31009.6425,24323.32987,5573.888949,542.1203446,771,12.8,38.2,78.7,9.470061433,34.6,6.1,1.5,4.2,0.571727132,2.6,0.459161585,1,0.153895575,1,0.152795031
281723.0266,85950.31257,39253.89453,15678.93332,36306.29095,31603.12848,23576.19687,5813.626108,542.1203446,821,12.6,38.1,80.1,9.606491588,34.9,6.5,1.5,4,0.54624903,2.5,0.482189024,1.2,0.169333075,1,0.152795031
288828.0374,82351.40786,34823.25693,13327.09332,31517.86281,30193.59928,25817.59586,4974.546051,542.1203446,678,12.5,37,74,8.850320374,32,5.4,1.3,3.7,0.504363178,2.3,0.425868902,1,0.153895575,1,0.152795031
293642.6171,84468.41063,36766.51903,13568.30768,32947.24434,32270.80021,26813.7732,5154.34892,542.1203446,817,12.3,45.8,94,11.0038365,38.3,6.5,1.4,4.3,0.566122687,2.4,0.419903963,0.9,0.138506017,0.9,0.137515528
265082.3435,93095.19693,52001.69394,17065.91588,41952.348,30564.52802,18014.20676,7371.917642,774.4576352,835,16.8,33.8,71.7,9.062046327,35.8,6.7,1.6,5,0.688314336,3.2,0.611059451,1.5,0.215501747,1.3,0.19863354
307665.6647,79440.52905,22697.30139,4944.894354,16437.88763,27003.61213,39432.01941,3596.057386,309.7830541,410,17.3,40.3,98.5,10.87741045,33.7,5.8,1,4.7,0.639091086,2.9,0.475391768,0.9,0.192201669,1.6,0.24447205
284153.6882,89760.91756,36533.32758,15015.59383,36735.10541,33457.77217,22746.04909,5693.757528,542.1203446,893,12.4,37.4,73.1,9.117251099,35.3,6.2,1.6,4.1,0.547981983,2.4,0.419903963,0.9,0.138506017,0.9,0.137515528
274103.8374,87379.28944,44928.21988,16643.79075,40808.84278,35460.78736,18595.3102,7012.311903,619.5661082,930,14,31.1,68.2,8.675281662,34.6,6.61,1.55,4.49,0.586291314,2.44,0.436286738,0.97,0.13163585,0.74,0.113068323
271673.1759,86532.48833,46949.21246,18211.68408,42166.75523,36721.94507,21998.91609,7311.983352,619.5661082,1063,15,48.37,104.36,12.03575662,40.74,7.76,1.71,5.05,0.662766178,2.79,0.568971951,1.52,0.187129348,0.91,0.139043478
275973.5771,86003.23764,43451.34068,15437.71896,38164.48694,37463.80254,22330.9752,6952.377613,542.1203446,861,15,43.1,89.9,10.96762959,41,7.63,1.62,5.08,0.657416146,2.68,0.481689634,1.08,0.150865606,0.88,0.134459627
255967.3625,87167.58917,51690.772,20442.9169,47455.46691,36796.13081,15938.83732,8210.997699,619.5661082,114,15,34.74,82.02,10.16708752,38.99,7.84,1.6,5.37,0.692525044,2.8,0.524012957,1.25,0.160919158,0.84,0.128347826
262651.6819,86797.11368,48737.0136,18935.32716,44382.29661,37167.05955,18014.20676,7731.52338,619.5661082,1076,14,35.9,84.76,10.16127056,36.89,8.51,1.67,4.84,0.625374944,2.54,0.493453049,1.24,0.15707896,0.8,0.122236025
272654.7892,90343.09332,45705.52472,17849.86255,42809.97692,34793.11563,22497.00476,6712.640454,542.1203446,1076,13,51.35,109.56,12.73,48.29,8.02,2.05,5.14,0.66,3.12,0.5,1.26,0.17,0.99,0.13
275085.4508,86797.11368,46405.09908,17729.25537,38664.77048,32790.10044,21832.88653,6832.509034,542.1203446,849,14,43.19,91.45,10.8,41.67,7.48,1.76,4.8,0.6,3.11,0.47,1.19,0.16,1.01,0.17
273402.6851,88173.16548,46249.63811,18513.20203,41023.25001,32493.35745,21417.81265,6712.640454,542.1203446,859,14,39.38,86.08,10.11,39.71,6.96,1.71,4.45,0.6,2.86,0.48,1.24,0.17,1,0.16
276160.5511,88808.26631,46482.82956,18211.68408,40522.96647,33161.02918,21500.82742,6712.640454,542.1203446,861,14,39.95,86.61,10.46,41.21,6.83,1.7,4.69,0.61,3.01,0.52,1.19,0.16,1.03,0.16
278170.5213,89760.91756,42984.95777,14412.55793,36878.04356,35831.7161,25983.62542,7791.45767,542.1203446,1094,13,56,112,12.9,43.8,7.2,1.85,5.4,0.6,2.7,0.4,1.1,0.14627271,0.8,0.11
273449.4286,89337.51701,48426.09166,16402.57639,42166.75523,34941.48712,21334.79787,7791.45767,619.5661082,1156,12,59,120,12.9,42.6,6.8,2.05,5.3,0.7,3.1,0.5,1.3,0.177051825,1,0.13
281442.5657,84415.48556,40730.77373,16583.48716,38879.17771,31603.12848,21251.78309,5873.560398,619.5661082,892,12,50.6,97.5,11,35.7,5.9,1.53,4.6,0.5,2.6,0.5,1.2,0.169333075,1,0.15
267559.7486,88173.16548,50136.16232,21709.29229,47169.5906,32567.5432,14942.65999,7851.39196,697.0118717,915,11,27.2,58.7,7.58,28.2,5.6,1.58,4.5,0.5,2.5,0.4,1,0.13855396,0.8,0.11
288687.807,84150.86021,37932.4763,13447.7005,33304.58973,36425.20208,25070.46286,5993.428977,619.5661082,913,13,60.3,116,12.9,41.6,6.9,1.7,5.2,0.6,3,0.5,1.3,0.184722632,1.1,0.16
270130.6406,89602.14235,46405.09908,16221.66562,43453.19861,33309.40068,20255.60576,7611.654801,619.5661082,1054,11,39.9,80.5,10.1,33.4,6.6,1.77,5,0.5,2.6,0.4,1.1,0.14627271,0.8,0.11
274991.9638,88649.49111,43373.61019,14412.55793,38593.3014,36647.75932,25070.46286,6832.509034,542.1203446,1273,12,74.1,144,15,46.5,8.2,2.06,5.1,0.6,2.8,0.5,1.2,0.161662267,0.9,0.12
269943.6666,90184.31812,47182.40392,17186.52306,44024.95123,40282.86095,20919.72398,8031.194829,619.5661082,1329,13,59.9,119,13.9,46.9,7.8,2.06,6,0.7,3,0.5,1.2,0.161662267,0.9,0.12
281863.2571,85685.68723,45005.95036,18271.98767,37735.67248,29600.1133,24157.30031,6532.837585,619.5661082,745,13,45.5,95.3,10.2,34.3,6.7,1.61,4.3,0.6,2.9,0.5,1.4,0.192441382,1.1,0.16
285555.993,86850.03875,39409.3555,14171.34358,38378.89417,34348.00114,24074.28553,6293.100426,542.1203446,1116,11,56.6,114,11.9,37.6,7.3,1.82,4.4,0.6,2.7,0.5,1.2,0.161662267,0.9,0.13
273963.607,88967.04152,46405.09908,17488.04101,42381.16246,33902.88666,21915.90131,7252.049062,619.5661082,1131,12,62,125,13.3,43,7.9,2.01,4.8,0.6,3,0.5,1.4,0.184770575,1,0.14
254097.6228,89866.7677,56043.67912,24121.43587,49456.60105,35609.15885,14776.63043,8990.143466,774.4576352,1070,14,35.7,75.6,9.54,34.5,6.6,1.82,5.3,0.7,3.1,0.5,1.3,0.177051825,1,0.13
258398.0241,90448.94346,52856.72926,20262.00613,46454.89983,38279.84577,17018.02943,8570.603437,774.4576352,1171,14,51.5,102,12,41.4,7.3,2.02,5.9,0.7,3.4,0.6,1.5,0.200160132,1.1,0.16
313181.3968,77958.6271,21142.69171,6693.698455,20654.56316,32641.72895,29138.18697,3176.517358,387.2288176,491,9,35.8,68.6,7.58,24.3,4.2,0.98,3.2,0.4,2,0.3,0.9,0.13083521,0.8,0.11
278591.2127,88120.24041,41430.34809,14412.55793,37807.14156,38205.66002,23825.2412,7132.180483,542.1203446,1131,12,61,120,13.6,44.9,7.2,1.87,5.3,0.6,2.7,0.4,1.1,0.153943517,0.9,0.12
254798.7752,86479.56326,56743.25348,26051.15074,48670.44121,32567.5432,17350.08854,9050.077755,851.9033987,1129,17,45.4,94.5,11.6,41,7.5,1.97,6.2,0.8,3.9,0.7,1.7,0.238610054,1.4,0.2
276768.2165,88173.16548,42984.95777,15739.23691,38450.36325,34422.18689,22829.06387,7132.180483,619.5661082,1157,13,66,128,14.3,45.8,7.3,1.81,5.4,0.6,2.8,0.5,1.2,0.161662267,0.9,0.13
279432.5955,88702.41618,43295.87971,14714.07588,37878.61063,35905.90184,25319.5072,7072.246193,542.1203446,1170,13,76.4,150,15.7,49.3,8.6,2.08,5,0.6,3.1,0.5,1.4,0.192441382,1.1,0.16
273963.607,88967.04152,46405.09908,17488.04101,42381.16246,33902.88666,21915.90131,7252.049062,619.5661082,1158,13,74.7,147,15.4,46.7,8.5,1.99,4.8,0.6,3,0.5,1.4,0.192441382,1.1,0.16
268073.927,86585.4134,46716.02101,15196.5046,41309.12631,35164.04437,21583.8422,8151.063409,619.5661082,1372,14,70.6,143,15.5,48.2,9.1,2.22,5.4,0.7,3.2,0.5,1.4,0.200112189,1.2,0.16
268354.3879,83727.45966,39798.00792,13327.09332,37020.98171,33606.14367,24489.35942,5813.626108,542.1203446,1007,12,58,111,12.8,38.3,6.9,1.67,4.9,0.6,2.7,0.5,1.3,0.177051825,1,0.15
269522.9752,88543.64097,44617.29794,15136.20101,39450.93032,38428.21726,24655.38898,7611.654801,619.5661082,1258,13,65.9,130,14.9,49.3,7.9,2.01,5.8,0.7,2.9,0.5,1.2,0.161662267,0.9,0.12
260454.7378,88437.79083,52545.80733,20201.70254,47455.46691,31232.19974,16104.86687,8570.603437,697.0118717,1164,13,41.4,84.9,10.3,36.5,6.7,1.82,5.2,0.6,2.8,0.4,1.1,0.14627271,0.8,0.11
275272.4247,87538.06465,40730.77373,14111.03999,41452.06447,37537.98829,24406.34464,6892.443324,542.1203446,1159,12,62,123,14.1,45.7,7.5,1.84,5.5,0.6,2.7,0.4,1.2,0.161662267,0.9,0.12
250124.426,85421.06188,49902.97086,17126.21947,48027.21952,35905.90184,20338.62054,9409.683494,697.0118717,1592,13,65.1,131,15.8,48.2,8.8,2.29,6.1,0.7,3.1,0.5,1.3,0.169381017,0.9,0.13
259660.0984,87961.46521,51535.31103,17970.46973,46169.02353,38799.146,19342.4432,9769.289233,619.5661082,1497,14,60,123,14.9,50,8.62,2.21,6.4,0.7,3.2,0.5,1.2,0.161662267,0.9,0.12
244702.1809,91031.11923,57520.55832,22252.02459,52744.17858,33902.88666,17516.11809,8390.800568,851.9033987,959,16,53.2,100,12.6,43,7.5,2.03,6.1,0.8,3.6,0.6,1.5,0.207830939,1.2,0.16
243673.8241,84521.3357,63194.88367,23578.70357,50885.98259,29748.48479,16768.98509,11807.05508,851.9033987,1627,15,71.5,155,17.8,58.3,11.1,2.76,6.6,0.8,3.8,0.7,1.7,0.230939247,1.3,0.17
274758.2463,85738.61229,43373.61019,16764.39793,38593.3014,27151.98363,27726.93575,5933.494687,774.4576352,680,18,46.7,91.2,11,35.1,6.8,1.6,5.6,0.7,3.6,0.7,1.8,0.253999612,1.5,0.21
274337.5549,87114.6641,49592.04893,18452.89844,39236.52309,26484.3119,24738.40375,6113.297557,697.0118717,689,17,51,100,10.7,34.4,6.9,1.6,5.1,0.7,3.6,0.6,1.8,0.253999612,1.5,0.21
278450.9822,85685.68723,43606.80164,17970.46973,40951.78093,29525.92755,27311.86186,5873.560398,697.0118717,709,16,45.7,90.5,10.3,34.3,6.1,1.46,5.1,0.7,3.4,0.6,1.6,0.223220497,1.3,0.2
298223.4793,75153.59843,28682.54867,17668.95178,17795.80009,18546.4369,43582.75829,2936.780199,1006.794926,340,22,39,77,9,32.9,6.3,1,5,0.71,3.8,0.74,1.8,0.3,1.9,0.29
304300.1333,78858.35328,13291.9128,10372.21743,15222.91333,14837.14952,56948.1375,3356.320227,232.3372906,630,23,44,90.2,11.1,39,6.9,1.01,5.5,0.75,3.9,0.74,1.8,0.29,1.7,0.27
245216.3593,86003.23764,67625.52127,31900.59894,55317.06534,22107.35279,16353.91121,8151.063409,1006.794926,398.880945,17.96940554,13.15906917,27.90992705,3.695033217,15.67346939,3.446153846,0.886013321,3.221205428,0.47599112,3.045177828,0.632286711,1.867427846,0.272961914,1.867427846,0.293512304
263165.8603,68273.33942,42984.95777,45710.12098,24513.8933,10979.49065,65913.73349,9050.077755,619.5661082,928,32,88,223,31.2,130,25.9,4.67,15.3,1.8,7.57,1.06,2.78,0.38,2.18,0.3
255219.4666,93677.37269,21842.26606,23940.5251,53315.9312,27077.79788,15025.67476,5759.685247,968.072044,24.66351401,3.335952849,5.294117647,8.873239437,1.106319703,3.528901734,0.551862464,0.0676,0.478988053,0.0743,0.521483555,0.11915493,0.414084507,0.074,0.580313837,0.0971
253723.6749,92195.47075,74621.26484,27799.95484,61892.2204,24778.0397,6724.196994,6173.231846,1316.57798,435,22.4,12.2,27.7,3.63,16.2,3.91,1.28,3.95,0.67,3.85,0.79,2.47,0.37,2.29,0.36
252882.292,87061.73903,64205.37996,27619.04407,47526.93598,23516.88199,25900.61064,11627.25222,619.5661082,182,49.7,36.7,80,8.89,39.1,9.19,2.03,8.33,1.48,9.13,1.88,5.72,0.91,5.85,0.88
286537.6063,92089.62061,20287.65638,11819.50358,36306.29095,32122.42872,18595.3102,3314.366224,1037.773231,139.9148936,10.99126862,16.9363167,32.20779221,3.518837948,11.69265033,2.014925373,0.241855329,1.714285714,0.245653393,1.588070829,0.325389379,0.933088235,0.159619952,1.094218009,0.168421053
245216.3593,87538.06465,66226.37255,32202.11689,59819.61717,27374.54087,14278.54176,8750.406307,929.3491622,864,22,28.7,62.7,8.350347004,35.5,7.04,1.56,5.8,0.839387313,4.27,0.876540854,2.36,0.31563455,1.74,0.265863354
244234.746,90925.26909,64982.6848,30694.52715,58533.17379,26261.75465,14195.52699,8031.194829,1006.794926,877,20,31.7,69.75,8.5,34.6,6.48,1.87,5.25,0.74,3.92,0.73,1.86,0.26,1.89,0.26
298690.9143,90501.86853,32180.42046,7537.94871,26086.21298,36573.57357,25568.55153,3655.991676,697.0118717,660,15.5,43,89,10.49337869,37,6,1.41,4,0.568261225,2.8,0.566669207,1.5,0.227007958,1.45,0.221552795
273449.4286,93412.74735,47959.70876,19116.23793,45239.92553,31380.57124,15772.80776,4794.743182,774.4576352,855,13.8,24.5,51,6.094056921,22,4.4,1.2,4.05,0.554452905,2.55,0.504800305,1.3,0.196228843,1.25,0.190993789
284667.8666,89972.61784,39176.16404,9829.485118,33304.58973,34199.62965,21749.87176,4495.071733,619.5661082,725,15.9,41,84,9.962614541,35.5,6.35,1.52,4.8,0.651830136,2.95,0.600378049,1.6,0.230891304,1.4,0.213913043
281863.2571,89972.61784,41430.34809,16764.39793,37521.26525,32419.17171,19591.48754,4495.071733,697.0118717,840,12.4,32,59,7.105730329,26,4.9,1.22,4,0.538911631,2.4,0.471091463,1.2,0.170867236,1.02,0.155850932
271579.6889,93148.122,49902.97086,20865.04203,43596.13677,32641.72895,17848.1772,5753.691818,774.4576352,880,13.2,29,59,7.207262057,27,5.15,1.35,3.8,0.539114424,2.65,0.498835366,1.2,0.173168478,1.05,0.160434783
271813.4063,93836.1479,48115.16973,20081.09536,42881.446,32419.17171,17350.08854,5094.414631,774.4576352,829,13.4,25,52,6.271281962,23,4.6,1.27,3.55,0.512769845,2.6,0.510349085,1.3,0.190859278,1.18,0.180298137
299158.3492,86797.11368,32180.42046,12543.14665,29302.32143,31528.94273,20670.67965,3236.451648,697.0118717,682,11.4,34,60,7.282955369,27,4.3,1.12,3.05,0.430731094,2.1,0.40367378,1,0.150060171,0.95,0.14515528
287005.0413,87326.36437,39875.7384,15920.14768,35734.53833,30712.89951,20089.5762,3895.728835,697.0118717,680,12,25,45,5.436833595,20,3.7,1.03,3.35,0.461610849,2.15,0.426285061,1.1,0.164682648,1.04,0.158906832
279011.9041,92335.00526,41741.27002,15866.92867,37708.50127,31427.98511,20399.20048,4752.737647,715.5988549,865.1948516,11.53804778,36.757206,74.7005044,8.796201979,30.94474472,5.226492044,1.372665127,3.422978103,0.473496427,2.221772138,0.42670099,1.055756615,0.157648806,0.992823673,0.151698524
283732.9968,88914.11645,40730.77373,15799.5405,36592.16725,31158.014,21085.75354,4614.940312,697.0118717,840,11.7,37,70,8.547547128,32,6.969185863,1.36,3.797961463,0.505911229,2.2,0.448896341,1.2,0.165497671,0.95,0.14515528
283732.9968,89707.99249,39487.08598,13869.82563,37163.91987,30787.08526,19591.48754,4135.465994,697.0118717,810,12.2,34.5,65,7.915251248,29.5,6.432933138,1.26,3.562319071,0.484537635,2.2,0.465958841,1.3,0.179353067,1.03,0.157378882
286537.6063,90237.24319,40653.04324,15859.84409,37521.26525,31306.38549,19093.39887,4135.465994,697.0118717,767,11.8,29,55,6.752191218,25.5,5.627504266,1.14,3.2795482,0.458889322,2.2,0.465958841,1.3,0.179353067,1.03,0.157378882
280460.9524,89019.96659,41430.34809,14774.37947,38950.64678,31158.014,20753.69442,4495.071733,774.4576352,915,13.5,40,77,9.381995495,35,7.533825901,1.42,3.939346898,0.518735385,2.2,0.465958841,1.3,0.184722632,1.1,0.168074534
284200.4317,90766.49388,41974.46148,16462.87998,38950.64678,30045.22778,19508.47276,4674.874602,697.0118717,785,12,28,55,6.802957082,26,5.761042555,1.18,3.360322772,0.462547161,2.15,0.451878811,1.25,0.170891207,0.97,0.14821118
275786.6032,91295.74457,45472.33326,19658.97024,43596.13677,30416.15652,18097.22154,5274.2175,697.0118717,875,11.7,30.5,60,7.486018826,29,6.391401953,1.29,3.606047019,0.481166515,2.1,0.43779878,1.2,0.161662267,0.9,0.137515528
285135.3016,90237.24319,42674.03583,16281.96921,39450.93032,29748.48479,18429.28065,4495.071733,774.4576352,760,12.5,29,57,7.055875434,27,5.975543645,1.22,3.495026884,0.485771395,2.3,0.477056402,1.3,0.184722632,1.1,0.168074534
290510.8032,85209.3616,36766.51903,14412.55793,35377.19295,29822.67054,22413.98998,4315.268864,697.0118717,732,12.5,32,61,7.35864868,27,5.909824285,1.17,3.363723303,0.470192999,2.25,0.488570122,1.4,0.189373059,1.06,0.161962733
279759.8,88914.11645,41508.07857,16583.48716,39165.05401,31677.31423,21334.79787,4614.940312,774.4576352,970,13.4,44,82,9.760462053,35,7.507538157,1.4,3.986595113,0.548701859,2.55,0.521862805,1.4,0.192441382,1.1,0.168074534
281395.8222,89972.61784,39642.54695,16161.36203,39165.05401,31751.49998,20919.72398,4435.137443,697.0118717,921,12.6,40,75,9.027545415,33,7.117967593,1.35,3.841809148,0.528231864,2.45,0.493702744,1.3,0.18318847,1.08,0.165018634
278123.7778,93412.74735,45083.68084,18995.63075,41880.87893,29896.85629,15938.83732,4495.071733,774.4576352,770,13.5,28.5,50.5,6.665400638,28,6.242620224,1.3,3.710505567,0.512653468,2.4,0.513747713,1.45,0.195533676,1.09,0.166546584
283265.5619,89972.61784,42285.38341,16101.05845,36806.57448,31751.49998,21168.76831,4734.808892,697.0118717,855,11.8,38,72,8.546636158,30.5,5.2,1.35,3.6,0.498961525,2.35,0.482605183,1.3,0.173216421,0.95,0.14515528
276721.473,89443.36715,43373.61019,18091.0769,39522.3994,30861.27101,18844.35454,4794.743182,697.0118717,785,13.1,31,61,7.460180409,28,5.1,1.34,3.7,0.511700576,2.4,0.496685213,1.35,0.184746603,1.05,0.160434783
274851.7333,92618.87131,45783.2552,18754.41639,42738.50785,32122.42872,16768.98509,5154.34892,697.0118717,840,11.8,25,51,6.398652107,25,4.8,1.31,3.6,0.498961525,2.35,0.474073933,1.25,0.167822884,0.93,0.142099379
281629.5397,89125.81673,42829.4968,15980.45127,36592.16725,31380.57124,21085.75354,4734.808892,697.0118717,855,11.8,37,71,8.318645254,29,5.3,1.38,3.5,0.486222474,2.3,0.468525152,1.25,0.17319245,1,0.152795031
283732.9968,91824.99527,40575.31276,15980.45127,39307.99217,30861.27101,19010.38409,4555.006023,619.5661082,805,11.2,29,55,6.752191218,25.5,5.640648138,1.15,3.27614767,0.451243484,2.1,0.42926753,1.15,0.158569973,0.91,0.139043478
288874.7809,92883.49665,38709.78114,12784.36101,35948.94556,31899.87147,19342.4432,3835.794545,697.0118717,770,12,30,58,6.928505288,25,4.5,1.22,3.2,0.448005321,2.15,0.477472561,1.4,0.186304736,1.02,0.155850932
271112.2539,89707.99249,46016.44665,19055.93434,41452.06447,32196.61446,20504.65009,5394.086079,774.4576352,972,13.1,45,87,10.24046034,36,6.1,1.55,4.2,0.571727132,2.6,0.493286585,1.2,0.170100155,1.01,0.154322981
272514.5587,93148.122,48581.55263,19176.54152,41094.71908,34125.4439,18761.33976,5394.086079,619.5661082,1000,12.6,38,77,8.97586858,31,5.3,1.42,4.15,0.563523257,2.55,0.487737805,1.2,0.170100155,1.01,0.154322981
294484,91824.99527,34434.60451,9527.96717,31875.20819,34273.8154,20587.66487,3236.451648,774.4576352,810,12,36,66,7.940178696,29,4.85,1.26,3.8,0.50976483,2.25,0.454445122,1.2,0.173935559,1.06,0.161962733
273449.4286,92354.24596,46327.36859,18271.98767,39593.86847,32715.9147,18180.23632,5094.414631,774.4576352,878,13.3,31,62,7.738937178,30,4.8,1.4,4,0.535242932,2.35,0.465542683,1.2,0.178538043,1.12,0.171130435
285135.3016,90713.56881,39176.16404,14171.34358,35234.2548,32864.28619,18429.28065,3715.925966,774.4576352,780,12,28,52,6.37281369,24,4.05,1.09,3.05,0.434399794,2.15,0.426285061,1.1,0.166216809,1.06,0.161962733
293081.6952,85473.98695,33346.37773,12301.9323,29087.9142,28190.58409,21002.73876,3476.188807,697.0118717,640,11.7,32,60,6.876828454,23,4.35,1.1,3.1,0.43893497,2.15,0.460410061,1.3,0.177051825,1,0.152795031
274851.7333,94206.62339,44306.376,17427.73742,39307.99217,31454.75699,16851.99987,4914.611761,697.0118717,844,11,24,49,6.348797213,26,4.45,1.25,3,0.433533317,2.2,0.448896341,1.2,0.163963509,0.93,0.142099379
283265.5619,91031.11923,40031.19937,15015.59383,35948.94556,31380.57124,19923.54665,4495.071733,619.5661082,788,11,29,56,6.878650394,26,4.4,1.17,3.4,0.462477326,2.1,0.45486128,1.3,0.170148098,0.91,0.139043478
288407.346,92089.62061,39487.08598,13146.18255,35377.19295,32641.72895,18678.32498,3895.728835,697.0118717,760,12.6,31,62,7.231278535,25,4.7,1.2,3.4,0.473483423,2.25,0.437382622,1.1,0.160847244,0.99,0.151267081
278123.7778,91295.74457,43684.53213,16945.3087,41452.06447,31158.014,17350.08854,4974.546051,697.0118717,817,11.3,24,49,6.247265484,25,5.599116953,1.18,3.360322772,0.462547161,2.15,0.443347561,1.2,0.160128106,0.88,0.134459627
271112.2539,88914.11645,47182.40392,21890.20305,46097.55445,29525.92755,17018.02943,5513.954659,774.4576352,932,13,36,69,8.573385545,33,7.209974698,1.42,4.006758822,0.543193379,2.45,0.493702744,1.3,0.18318847,1.08,0.165018634
281395.8222,89443.36715,40031.19937,15437.71896,35234.2548,31158.014,18927.36932,4495.071733,619.5661082,786,10.7,29,54,6.625732042,25,4.35,1.2,3.5,0.471547677,2.1,0.40367378,1,0.142389363,0.85,0.129875776
288874.7809,92883.49665,38709.78114,12784.36101,35948.94556,31899.87147,19342.4432,3835.794545,697.0118717,770,12,30,58,6.928505288,25,4.5,1.22,3.2,0.448005321,2.15,0.477472561,1.4,0.186304736,1.02,0.155850932
294484,91824.99527,34434.60451,9527.96717,31875.20819,34273.8154,20587.66487,3236.451648,774.4576352,810,12,36,66,7.940178696,29,4.85,1.26,3.8,0.50976483,2.25,0.454445122,1.2,0.173935559,1.06,0.161962733
281863.2571,90237.24319,39642.54695,15136.20101,37163.91987,27077.79788,17848.1772,3895.728835,774.4576352,732,13,27.5,55,6.701425354,25,5.559685337,1.15,3.30311244,0.461026681,2.2,0.483021341,1.4,0.192441382,1.1,0.168074534
289809.6508,91295.74457,39409.3555,14714.07588,38593.3014,30490.34227,17931.19198,3775.860256,774.4576352,754,12,28,54,6.524200313,24,5.358328119,1.12,3.205454952,0.444831406,2.1,0.45486128,1.3,0.180887228,1.05,0.160434783
272514.5587,90819.41895,45472.33326,19297.1487,42881.446,30564.52802,17101.04421,5034.480341,774.4576352,874,12.7,27.5,56,7.081713851,28,6.268907968,1.32,3.717186891,0.50225339,2.25,0.454445122,1.2,0.170867236,1.02,0.155850932
280460.9524,92354.24596,40497.58228,15377.41537,38950.64678,30787.08526,17765.16243,3715.925966,774.4576352,785,12.6,24,47,5.791283675,22,4.995045299,1.09,3.134762235,0.438419327,2.1,0.45486128,1.3,0.190092197,1.17,0.178770186
275786.6032,91824.99527,44772.75891,18513.20203,42166.75523,30564.52802,16768.98509,4614.940312,774.4576352,812,13.6,25,50,6.170661203,23.5,5.356228551,1.18,3.454699466,0.496788353,2.5,0.533376524,1.5,0.206296778,1.18,0.180298137
275786.6032,92354.24596,45938.71617,19478.05947,44882.58015,29822.67054,17433.10332,4914.611761,774.4576352,835,13,32,63,7.763864625,29.5,6.538084115,1.34,3.818244908,0.526094504,2.45,0.502233994,1.35,0.186280765,1.07,0.163490683
271112.2539,90501.86853,48270.6307,22071.11382,44882.58015,31083.82825,17350.08854,5693.757528,774.4576352,937,13.2,37,72,8.80046548,33,7.249406314,1.45,4.117898694,0.564280254,2.6,0.510349085,1.3,0.184722632,1.1,0.168074534
274851.7333,93941.99804,46171.90762,18030.77332,43882.01307,30193.59928,17184.05898,4555.006023,851.9033987,765,13.7,25,51,6.297120379,24,5.437191351,1.18,3.427734697,0.487005155,2.4,0.505216463,1.4,0.197043866,1.16,0.177242236
272047.1238,91560.36992,47415.59537,18211.68408,43238.79138,28932.44157,16602.95554,4614.940312,929.3491622,755,13.7,25.5,51.5,6.334967034,24,5.463479096,1.2,3.501827945,0.501063072,2.5,0.516314024,1.4,0.201646351,1.22,0.186409938
290277.0857,85473.98695,39720.27743,14533.16511,33161.65157,31825.68572,24572.3742,5513.954659,542.1203446,726,13.2,37,75,8.926013686,32,5.8,1.37,4.4,0.582530437,2.5,0.507782774,1.35,0.182445361,1.02,0.155850932
281395.8222,91613.29499,41741.27002,15317.11178,36234.82187,31454.75699,18512.29543,4135.465994,851.9033987,787,13,29,55,6.498361896,23,4.4,1.18,3.3,0.475419169,2.4,0.513747713,1.45,0.200903241,1.16,0.177242236
280928.3873,92883.49665,44617.29794,17005.61229,39665.33755,31528.94273,17516.11809,4375.203153,774.4576352,800,14,30.5,63,7.408503575,26,4.8,1.25,3.8,0.531777025,2.55,0.487737805,1.2,0.177003882,1.1,0.168074534
285135.3016,90766.49388,40575.31276,15437.71896,37449.79617,32641.72895,18761.33976,4075.531704,697.0118717,790,11.8,28,54,6.422668585,23,4.3,1.18,3.35,0.454273451,2.05,0.4151875,1.1,0.162381405,1.01,0.154322981
275786.6032,92883.49665,46560.56004,19658.97024,42524.10062,31454.75699,16768.98509,4854.677471,774.4576352,809,12,24,47,5.842049539,22.5,4.1,1.16,3.2,0.45534272,2.25,0.454445122,1.2,0.170867236,1.02,0.155850932
275786.6032,88490.7159,44073.18455,17789.55896,40522.96647,31454.75699,19674.50231,5513.954659,697.0118717,928,12.6,35.5,70,8.496781264,31.5,5.6,1.44,3.8,0.528108326,2.5,0.507782774,1.35,0.18167828,1.01,0.154322981
270457.8451,92777.64651,46405.09908,17789.55896,41880.87893,31009.6425,17433.10332,4614.940312,851.9033987,772,14,25.5,50,6.190967548,23.7,4.4,1.22,3.5,0.508234669,2.6,0.527411585,1.4,0.200112189,1.2,0.183354037
276487.7555,93148.122,44617.29794,17910.16614,41809.40985,32864.28619,17018.02943,5214.28321,697.0118717,873,11.4,26.5,54,7.031858957,29,5,1.35,3.85,0.514300006,2.25,0.488570122,1.4,0.175565606,0.88,0.134459627
272514.5587,92830.57158,48659.28312,20201.70254,43596.13677,32196.61446,16935.01465,5154.34892,774.4576352,830,13.6,24.5,47,6.095878861,25,4.7,1.24,3.5,0.493559873,2.4,0.471091463,1.2,0.178538043,1.12,0.171130435
267840.2095,90501.86853,47571.05634,20684.13126,42452.63154,31158.014,17267.07376,5633.823238,774.4576352,970,13.7,41,73,9.180753977,36,6,1.52,4.3,0.584466183,2.65,0.515897866,1.3,0.185489713,1.11,0.169602484
284200.4317,91560.36992,36066.94467,10010.39589,32589.89896,33606.14367,20670.67965,3296.385937,774.4576352,785,13.7,32,60,7.232189505,26.5,4.7,1.16,3.9,0.537178678,2.5,0.507782774,1.35,0.197786976,1.22,0.186409938
275085.4508,89443.36715,44461.83697,19478.05947,40022.68293,31899.87147,18844.35454,5274.2175,697.0118717,837,12.4,29,53,6.753102188,27,5,1.34,3.95,0.519701659,2.2,0.448896341,1.2,0.17470264,1.07,0.163490683
280460.9524,89443.36715,44384.10649,18091.0769,40022.68293,31454.75699,19508.47276,5094.414631,697.0118717,805,12.4,32,59,7.410325515,29,5.2,1.29,3.8,0.524439627,2.45,0.476640244,1.2,0.171634317,1.03,0.157378882
270644.819,88914.11645,44772.75891,17910.16614,41309.12631,29971.04203,19923.54665,5693.757528,697.0118717,925,12.2,34,67,8.117403736,30,5.2,1.41,3.8,0.517102229,2.35,0.491136433,1.35,0.177842877,0.96,0.14668323
273449.4286,93148.122,48037.43924,19839.88101,44310.82753,31158.014,17267.07376,5094.414631,774.4576352,805,14,26,53,6.651570459,26,5.879337404,1.27,3.693742389,0.525807785,2.6,0.510349085,1.3,0.188558036,1.15,0.175714286
276487.7555,93148.122,44617.29794,17910.16614,41809.40985,32864.28619,17018.02943,5214.28321,697.0118717,873,11.4,26.5,54,7.031858957,29,5,1.35,3.85,0.514300006,2.25,0.488570122,1.4,0.175565606,0.88,0.134459627
279759.8,89972.61784,43684.53213,17910.16614,37521.26525,32641.72895,21334.79787,4854.677471,697.0118717,918,14.6,44,81,9.989363927,38,6,1.43,4.5,0.617281683,2.85,0.538092988,1.3,0.188558036,1.15,0.175714286
261763.5555,89443.36715,49203.39651,21407.77434,45239.92553,29525.92755,20587.66487,5334.15179,774.4576352,1055,14.4,47,85,10.08907372,36,6.2,1.5,4.25,0.587268405,2.75,0.526995427,1.3,0.192393439,1.2,0.183354037
276721.473,92089.62061,45627.79423,18814.71998,42166.75523,33383.58642,16602.95554,5094.414631,697.0118717,847,11,24,46.5,5.956500477,24,4.25,1.23,3.2,0.429661825,1.9,0.364416159,0.9,0.134670613,0.85,0.129875776
281395.8222,88914.11645,47182.40392,21709.29229,39093.58494,29674.29904,17516.11809,5214.28321,697.0118717,754,11.8,24,48,6.070040444,24,3.7,1.18,3.15,0.432464048,2,0.40963872,1.1,0.165449728,1.05,0.160434783
281395.8222,88384.86576,39487.08598,15859.84409,38021.54879,31899.87147,21168.76831,4375.203153,697.0118717,910,12.5,37,70,8.446015399,31,6.728397029,1.3,3.670058412,0.497978671,2.25,0.471507622,1.3,0.189325116,1.16,0.177242236
294484,84680.11091,35289.63983,13508.00409,34305.1568,30416.15652,23078.1082,4075.531704,697.0118717,714,12.2,32,62,7.383576128,26.5,5.828861484,1.17,3.336758533,0.460409801,2.15,0.460410061,1.3,0.180887228,1.05,0.160434783
273449.4286,90501.86853,45938.71617,18814.71998,40380.02832,31528.94273,17101.04421,5094.414631,774.4576352,870,13,29,54,6.828795499,27,5,1.33,3.75,0.52357315,2.5,0.499251524,1.3,0.187023874,1.13,0.172658385
267840.2095,93148.122,50369.35377,22312.32818,45740.20907,30712.89951,15523.76343,4974.546051,774.4576352,770,14,22.5,43,5.539276293,22.5,4.2,1.16,3.7,0.533712771,2.7,0.538509146,1.4,0.202413432,1.23,0.187937888
263165.8603,94153.69832,48970.20505,22312.32818,47669.87414,30045.22778,16935.01465,5454.020369,774.4576352,870.3,13.6,24.7,52.7,6.689781503,26.6,4.69,1.29,3.46,0.522216285,2.84,0.514801982,1.17,0.180057822,1.17,0.178770186
285836.4539,91295.74457,41585.80905,14352.25434,33447.52788,30564.52802,20919.72398,4495.071733,697.0118717,795,12.2,33,66,8.092476289,30.5,4.9,1.26,3.2,0.45534272,2.25,0.462976372,1.25,0.176260773,1.04,0.158906832
281395.8222,91613.29499,41741.27002,15317.11178,36234.82187,31454.75699,18512.29543,4135.465994,851.9033987,787,13,29,55,6.498361896,23,4.4,1.18,3.3,0.475419169,2.4,0.513747713,1.45,0.200903241,1.16,0.177242236
278123.7778,89972.61784,46638.29053,20503.22049,38807.70863,30341.97077,18595.3102,5214.28321,697.0118717,764,12.7,27,53.5,6.740182979,26.5,4.6,1.2,3.6,0.502630224,2.4,0.496685213,1.35,0.188582007,1.1,0.168074534
280460.9524,89443.36715,41974.46148,15859.84409,36449.2291,30787.08526,19425.45798,4734.808892,619.5661082,795,11.7,31,57,7.157407163,28,4.7,1.15,3.7,0.497025779,2.2,0.448896341,1.2,0.167031832,0.97,0.14821118
272047.1238,93042.27186,47026.94295,18935.32716,42667.03877,31454.75699,17101.04421,4794.743182,774.4576352,824,13.8,25,48,5.968508715,23,4.3,1.2,3.9,0.537178678,2.5,0.533376524,1.5,0.205529697,1.17,0.178770186
281162.1047,92618.87131,43062.68825,16101.05845,38164.48694,32567.5432,19093.39887,4674.874602,774.4576352,830,12.5,27,55,6.904488811,27,4.6,1.3,3.4,0.477152122,2.3,0.477056402,1.3,0.18242139,1.07,0.163490683
281863.2571,92618.87131,41819.00051,15256.80819,37592.73433,33235.21493,18844.35454,4495.071733,774.4576352,825,12.3,28,55,7.00602054,28,4.6,1.2,3.3,0.468081771,2.3,0.511181402,1.5,0.195557648,1.04,0.158906832
275786.6032,89972.61784,45860.98569,19417.75588,40022.68293,32493.35745,18678.32498,5334.15179,697.0118717,840,13.2,35,71,8.420176982,30,5.5,1.4,4.5,0.598938187,2.6,0.510349085,1.3,0.177818905,1.01,0.154322981
288874.7809,91295.74457,38087.93726,14352.25434,36878.04356,30712.89951,18678.32498,3715.925966,774.4576352,760,12.1,29,54,6.524200313,24,5.332040375,1.1,3.185291244,0.450339885,2.2,0.465958841,1.3,0.180887228,1.05,0.160434783
279058.6476,93148.122,45783.2552,15920.14768,41094.71908,30787.08526,16851.99987,4195.400284,851.9033987,813,13.8,28,57,6.954343705,26,4.5,1.2,3.4,0.491826919,2.5,0.499251524,1.3,0.187023874,1.13,0.172658385
282330.692,92618.87131,42518.57486,16462.87998,39165.05401,31751.49998,19259.42843,4734.808892,697.0118717,810,11.8,29,56,6.777118665,25,4.4,1.2,3.3,0.460744372,2.2,0.465958841,1.3,0.175517663,0.98,0.14973913
274851.7333,92618.87131,45394.60278,18935.32716,43167.32231,32641.72895,16602.95554,5154.34892,697.0118717,850,11.6,25,50,6.221427067,24,4.6,1.3,3.3,0.460744372,2.2,0.465958841,1.3,0.169381017,0.9,0.137515528
268775.0793,91560.36992,48348.36118,21890.20305,45025.5183,33754.51516,19923.54665,5214.28321,774.4576352,1035,15,48,91,10.84782877,39,5.8,1.5,4.1,0.56265678,2.6,0.510349085,1.3,0.189325116,1.16,0.177242236
273122.2241,92618.87131,46094.17714,17849.86255,41666.4717,30935.45675,18263.25109,4734.808892,774.4576352,810,13.5,26,53,6.753102188,27,4.5,1.3,3.6,0.517305021,2.6,0.527411585,1.4,0.199345109,1.19,0.181826087
330336.2584,77588.15162,9405.38859,2532.750767,10005.67073,28190.58409,32292.74852,958.9486363,697.0118717,377,9.5,27,52,6.068218504,21,3,0.7,2.1,0.315213159,1.7,0.342221037,0.9,0.136204775,0.87,0.132931677
293829.5911,78911.27835,37699.28484,13628.61127,25800.33668,26706.86914,23825.2412,3715.925966,774.4576352,518,12.7,31,62,7.535873721,28,4.4,1,3.3,0.468081771,2.3,0.459993902,1.2,0.17546972,1.08,0.165018634
285135.3016,91031.11923,41974.46148,15920.14768,36949.51264,32567.5432,21334.79787,4734.808892,697.0118717,870,11.5,38,71,8.724772168,33,5.2,1.3,3.4,0.477152122,2.3,0.477056402,1.3,0.171682259,0.93,0.142099379
292614.2603,85738.61229,35367.37032,13990.43281,32518.42988,28561.51283,21417.81265,3655.991676,697.0118717,697,11.3,32,56,6.777118665,25,4.6,1.1,3.4,0.462477326,2.1,0.40367378,1,0.151594332,0.97,0.14821118
278591.2127,90237.24319,45083.68084,18814.71998,38664.77048,31454.75699,21168.76831,5214.28321,697.0118717,925,12.6,39,75,9.230608872,35,5.9,1.4,3.5,0.493559873,2.4,0.505216463,1.4,0.189373059,1.06,0.161962733
271112.2539,93148.122,45705.52472,18633.80921,43739.07492,31306.38549,17101.04421,4734.808892,774.4576352,788,15,33,68,8.294628776,31,5.7,1.3,5,0.695651734,3.3,0.673344512,1.8,0.248630047,1.43,0.218496894
279058.6476,91295.74457,38165.66775,12904.96819,34948.37849,30341.97077,19342.4432,3955.663125,774.4576352,774,12.8,33,63,7.510035304,27,4.6,1.2,3.3,0.475419169,2.4,0.488153963,1.3,0.184722632,1.1,0.168074534
278123.7778,89972.61784,45083.68084,18091.0769,42166.75523,31232.19974,16519.94076,4914.611761,697.0118717,855,11,25,47,6.095878861,25,4.1,1.2,3.4,0.462477326,2.1,0.40367378,1,0.14929309,0.94,0.143627329
279526.0825,90237.24319,45005.95036,18392.59485,36592.16725,32493.35745,21085.75354,5214.28321,697.0118717,927,12.4,39,73,8.774627063,32,5.6,1.3,3.8,0.520770928,2.4,0.454028963,1.1,0.163915567,1.03,0.157378882
267139.0571,87485.13958,46638.29053,17126.21947,41309.12631,38799.146,23659.21164,7551.720511,619.5661082,1212,16,60.28,118.94,14.15062112,50.7,8.45,2.01,5.41,0.699088144,2.84,0.533570732,1.28,0.171672671,0.95,0.14515528
282003.4876,86638.33847,39720.27743,14472.86152,35877.47649,34644.74413,26564.72886,6173.231846,542.1203446,873,14,51.2,100,12.03672722,44,7.45,1.65,5.12,0.650038189,2.53,0.465043293,1.08,0.148564363,0.85,0.129875776
240401.7797,88437.79083,63194.88367,44021.62047,62321.03486,25000.59694,11456.03932,7252.049062,929.3491622,594,16,19.54,43.04,5.45,23.7,4.67,1.42,3.76,0.57,2.99,0.61,1.63,0.21,1.41,0.26
274758.2463,89337.51701,44150.91503,16704.09434,40094.15201,31974.05722,23825.2412,6173.231846,464.6745811,925,12,44.83,92.96,11.42,42.65,6.78,1.76,4.69,0.59,2.81,0.46,1.14,0.15,0.97,0.15
283499.2793,89866.7677,40575.31276,13930.12922,35448.66203,33828.70091,25319.5072,5933.494687,464.6745811,915,12,49.02,104.76,12.89,46.61,7.58,1.79,4.6,0.57,2.6,0.4,1.03,0.16,0.9,0.12
260875.4292,91031.11923,52545.80733,20322.30972,45740.20907,35609.15885,17350.08854,8630.537727,619.5661082,1108,13,40.1,83,10.64840919,43,7.16,1.71,5.3,0.716992871,3.22,0.562091463,1.2,0.163196429,0.92,0.140571429
274244.0679,86744.18861,46482.82956,18271.98767,39736.80663,27003.61213,25734.58109,5753.691818,619.5661082,693,17,40.87,83.75,10.35,38.63,6.46,1.64,4.64,0.66,3.33,0.61,1.64,0.2,1.46,0.19
256201.08,92671.79637,55266.37428,23096.27485,55174.12719,30119.41353,15938.83732,7911.32625,619.5661082,1197,15,33.16,73.93,9.62,40.86,6.49,1.77,5.13,0.64,3.11,0.53,1.48,0.2,1.2,0.18
258257.7936,92301.32089,55033.18282,22432.93536,52529.77135,30712.89951,17350.08854,8091.129119,619.5661082,1204,15,35.9,76.77,10.16,42.4,7.38,1.91,4.89,0.64,3.3,0.56,1.3,0.19,1.23,0.17
276254.0381,86797.11368,45627.79423,18814.71998,38664.77048,27671.28386,25734.58109,5933.494687,619.5661082,650,17,45.5,89.9,11.08946766,42.2,6.98,1.44,5.42,0.719072415,3.1,0.55559939,1.24,0.167051009,0.93,0.142099379
303598.9809,80657.80564,36144.67516,11759.19999,23513.32622,23961.99648,34700.17708,4315.268864,929.3491622,313.5011442,25.70781427,18.08158765,37.81697905,4.941956882,20.92511013,4.619625138,1.129568106,4.685777288,0.707103825,4.563106796,0.939784946,2.770700637,0.393810032,2.646744931,0.4077461
272187.3543,90978.19416,45550.06375,12844.6646,35019.84757,35164.04437,26315.68453,6412.969006,542.1203446,952,14,63.92,125.92,14.34,53.81,8.09,2.06,4.65,0.66,3.06,0.55,1.31,0.19,1.15,0.17
291772.8774,84997.66132,36066.94467,12060.71794,31803.73912,34570.55839,25319.5072,5513.954659,387.2288176,847,11,36.8,77.8,8.8,35.34,6.4,1.54,4.14,0.52,2.57,0.41,0.96,0.15,0.84,0.12
279526.0825,89602.14235,41352.6176,14171.34358,35806.00741,35460.78736,24323.32987,6293.100426,464.6745811,972,11,50.64,102.29,11.44,42.89,6.81,1.82,4.82,0.59,2.57,0.4,1.04,0.11,0.76,0.13
260267.7638,89760.91756,50602.54522,18392.59485,47598.40506,38131.47427,21666.85698,7491.786221,619.5661082,1342,15,62.21,125.27,14.01,56.4,8.88,2.12,5.47,0.73,3.42,0.54,1.46,0.2,1.16,0.18
262698.4254,87273.4393,49825.24038,18513.20203,42881.446,30935.45675,25983.62542,8510.669147,619.5661082,1288,16,64.4,129,15.53143938,56.8,9.92,2.33,6.88,0.881582884,3.51,0.64716814,1.51,0.213205299,1.26,0.192521739
276768.2165,91560.36992,45239.14181,13930.12922,36163.35279,36054.27334,24406.34464,6712.640454,542.1203446,941,18,65.2,129,15.46036717,56.1,8.78,2.03,6.79,0.865348429,3.4,0.640079573,1.54,0.206315955,1.14,0.174186335
303832.6984,74624.34774,31636.30707,6392.180506,21440.723,24481.29671,33039.88152,3056.648778,619.5661082,202,36.2,28.7,59.9,7.75,31,6.3,0.81,5.89,0.99,5.87,1.27,3.71,0.55,3.8,0.58
245403.3333,93148.122,65138.14577,20141.39895,51457.7352,26706.86914,9795.743768,5274.2175,1161.686453,395,24.5,14.7,31.1,4.33,19,4.4,1.21,4.16,0.7,4.11,0.86,2.47,0.36,2.4,0.38
305235.0032,84680.11091,29382.12303,9105.842042,29516.72866,29674.29904,23576.19687,2876.845909,619.5661082,573,8.1,19.8,37.1,4.21,15,2.3,0.59,1.76,0.25,1.48,0.28,0.77,0.12,0.8,0.13
223433.892,107967.1414,55577.29621,35940.93945,74327.83974,21513.86681,1411.251221,3356.320227,1006.794926,844,4.5,3.4,5.9,0.9,4,0.9,0.72,0.95,0.14,0.93,0.17,0.51,0.07,0.5,0.1
304300.1333,76741.35051,28682.54867,4462.465637,16795.23302,22997.58176,44329.89129,2637.10875,464.6745811,212,30.1,40.3,69.7,7.97,28.9,5.4,0.76,4.88,0.85,4.81,1.04,3.14,0.49,3.2,0.52
268307.6444,93677.37269,35289.63983,18875.02357,50028.35367,43769.59109,3901.694552,5094.414631,697.0118717,406,25.1,16.3,45,6.54,26.5,5.5,1.57,4.74,0.73,4.17,0.94,2.56,0.41,2.7,0.42
223433.892,96323.62616,76253.60501,28041.1692,60248.43163,24481.29671,5063.90144,4555.006023,1703.806797,714,16.6,27.6,53.7,6.39,25.7,4.7,1.18,3.76,0.55,3.02,0.65,1.74,0.23,1.5,0.24
259426.3809,94735.87408,53167.6512,17488.04101,44310.82753,28190.58409,20919.72398,4854.677471,1006.794926,438,23.6,21.7,44.4,5.59,22.2,4.7,1.19,4.09,0.67,4.05,0.86,2.58,0.37,2.4,0.39
293549.1301,87855.61507,38165.66775,10673.73537,28873.50697,28932.44157,31711.64508,4135.465994,774.4576352,329,24.6,26.8,54.4,6.6,25.5,4.9,0.97,4.11,0.67,3.78,0.85,2.57,0.37,2.5,0.39
265970.4698,79387.60398,53089.92072,20623.82767,39236.52309,22255.72428,23078.1082,5933.494687,929.3491622,223,29.2,20.8,43,5.08,19.9,4.3,0.94,4.71,0.76,4.62,1.04,3.05,0.44,2.7,0.46
231847.7206,106908.64,68169.63465,28644.2051,72183.76744,19288.29438,3984.709329,5813.626108,1316.57798,538,13.1,10,20.1,2.62,11.2,2.7,0.91,2.41,0.41,2.41,0.47,1.31,0.2,1.3,0.2
259893.8159,87855.61507,57442.82783,16161.36203,43024.38415,25223.15419,20836.7092,4614.940312,1161.686453,341,28.4,24.2,50.1,6.37,26.3,5.5,1.04,5.08,0.81,4.88,1.03,2.96,0.44,2.9,0.5
272981.9936,84680.11091,46560.56004,12844.6646,38664.77048,28190.58409,20670.67965,4435.137443,1084.240689,412,25,24.4,49.4,6.41,26,5.4,1.25,4.8,0.77,4.15,0.9,2.55,0.4,2.5,0.43
275786.6032,83621.60952,47726.51731,12663.75383,38235.95602,25965.01166,17765.16243,3895.728835,1084.240689,396,23.9,20.5,42.8,5.55,21.8,4.6,1.04,3.97,0.67,4.34,0.86,2.49,0.36,2.4,0.4
291679.3905,90501.86853,26039.71221,6995.216403,32161.0845,31899.87147,17018.02943,2637.10875,697.0118717,659,7.1,16.5,31.9,3.83,14.5,2.6,0.74,1.81,0.24,1.36,0.22,0.71,0.12,0.7,0.17
301028.0889,82033.85744,27361.13044,9527.96717,29731.13589,28932.44157,24655.38898,2697.04304,619.5661082,565,6.6,17.3,29,3.17,11.7,2.1,0.62,1.65,0.24,1.21,0.23,0.66,0.11,0.7,0.17
301495.5238,84150.86021,23707.79768,6392.180506,28587.63067,28932.44157,22663.03431,2277.503011,619.5661082,585,7.8,19,33.6,3.74,13.9,2.6,0.65,1.86,0.26,1.52,0.25,0.71,0.11,0.8,0.17
297288.6095,74095.09704,38010.20678,6633.394865,24228.01699,23739.43924,34617.1623,3895.728835,697.0118717,206,43.7,39.1,80.6,10.2,39,8.6,1.11,7.16,1.2,7,1.48,4.56,0.66,4.4,0.67
288407.346,77799.8519,35367.37032,9045.538452,23370.38807,26706.86914,33371.94063,3176.517358,464.6745811,181,40.6,36.7,78.2,9.79,37.6,7.7,0.82,6.47,1.06,6.65,1.44,4.26,0.66,4.3,0.72
315986.0063,74624.34774,31480.84611,10914.94973,22655.6973,28932.44157,12203.17232,3596.057386,619.5661082,250,35.1,28.9,59.2,7.8,31.5,6.8,1.22,5.94,1.02,6.08,1.23,3.55,0.59,3.9,0.6
303832.6984,81504.60675,26117.4427,8804.324094,28373.22344,30416.15652,24738.40375,2756.977329,542.1203446,502,7.8,20.1,35.9,4.26,15.4,2.6,0.72,1.93,0.27,1.42,0.27,0.85,0.12,0.8,0.11
279058.6476,88914.11645,39487.08598,13447.7005,36234.82187,28932.44157,26066.6402,4495.071733,774.4576352,498,19.1,25.8,54.8,7.59,30,6,1.12,4.94,0.69,3.49,0.67,2.04,0.3,1.9,0.27
272047.1238,105320.8879,36377.86661,7537.94871,40094.15201,40802.16119,9878.758546,2756.977329,1316.57798,543,6.6,19.1,30.8,3.7,13.4,2.2,1.58,1.66,0.22,1.09,0.19,0.76,0.11,0.9,0.1
327204.4444,74624.34774,14768.792,4944.894354,18796.36716,31899.87147,20172.59098,1977.831562,154.891527,225,17.9,14.8,35,4.56,17.1,3.3,0.8,3.18,0.49,2.68,0.56,1.94,0.3,2.1,0.27
287472.4762,86267.86299,46094.17714,10553.12819,36735.10541,22255.72428,14444.57132,3536.123096,1084.240689,276,22.9,20.5,41,5.42,21.4,4.7,1.27,4.35,0.7,3.92,0.81,2.53,0.41,2.5,0.37
295886.3047,87326.36437,24096.45011,9166.145632,34591.03311,31899.87147,18263.25109,2876.845909,542.1203446,582,7.8,17,31.9,4.05,15,2.8,0.81,2.22,0.27,1.29,0.26,0.76,0.1,0.8,0.1
302430.3936,78858.35328,22075.45752,7055.519993,21083.37762,26706.86914,34866.20663,2756.977329,464.6745811,389,14.2,36.6,64.3,7.71,26.5,4.4,0.77,3.3,0.47,2.46,0.49,1.46,0.21,1.5,0.2
277656.3428,86797.11368,37854.74581,13025.57537,36234.82187,28190.58409,27560.9062,4375.203153,697.0118717,515,16,23.1,46.7,6.23,24,4.5,1.03,3.73,0.54,2.61,0.52,1.71,0.22,1.6,0.2
274384.2984,87855.61507,43529.07116,14653.77229,38950.64678,28932.44157,23825.2412,4495.071733,851.9033987,515,20.9,26.7,54.1,7.29,28.3,5.6,1.09,4.61,0.69,3.35,0.7,2.13,0.32,2.1,0.28
280460.9524,85209.3616,42596.30535,10794.34255,31303.45558,26706.86914,30632.45297,5693.757528,697.0118717,356,22,39,75.9,9.72,36.4,6.8,1.14,5.21,0.77,3.76,0.74,2.2,0.33,2.1,0.31
284667.8666,83092.35883,40575.31276,13025.57537,36735.10541,26706.86914,19093.39887,3775.860256,851.9033987,325,24.7,33.3,57.4,6.73,24.1,4.7,1.05,4.45,0.71,3.73,0.82,2.53,0.38,2.6,0.35
278591.2127,84680.11091,43529.07116,14111.03999,34733.97126,23739.43924,29470.24608,4734.808892,774.4576352,302,27.7,25.4,50.1,6.64,26,5.6,1.01,5.3,0.82,4.49,0.93,2.9,0.41,2.7,0.38
294016.5651,76212.09982,56510.06202,8321.895376,35019.84757,29674.29904,16270.89643,5813.626108,1161.686453,299,43.6,26.2,56.3,7.83,33.8,8.6,2.13,8.61,1.34,8.19,1.59,4.4,0.72,4.4,0.7
277188.9079,83092.35883,50991.19764,16161.36203,43953.48215,24481.29671,18263.25109,4614.940312,929.3491622,446,12,17.6,34.4,4.27,15.5,3.1,1.25,2.83,0.38,2.25,0.39,1.3,0.22,1.4,0.22
290277.0857,82563.10814,47959.70876,13327.09332,34376.62588,24481.29671,26315.68453,4974.546051,851.9033987,305,31,34.5,72,9.09,33.8,7.3,1.27,6.33,1.03,5.91,1.12,3.28,0.56,3.2,0.5
243533.5936,100028.381,63738.99705,31116.65228,70682.91683,21513.86681,3486.620663,3775.860256,1316.57798,458,10.1,5.5,11,1.55,6.8,1.6,0.9,1.91,0.33,1.96,0.39,1.04,0.19,1.1,0.18
323464.9651,77799.8519,28682.54867,4100.644098,20726.03223,30416.15652,16935.01465,1318.554375,851.9033987,370,11.3,20.9,40,4.91,18.1,3.3,1,2.65,0.35,2.05,0.38,1.08,0.17,1.2,0.2
349641.3206,71978.09427,13369.64328,2532.750767,10648.89242,29525.92755,31877.67464,958.9486363,464.6745811,200,11,23.7,41,4.54,14.2,2.4,0.6,1.94,0.29,1.83,0.36,1.11,0.19,1.3,0.17
277188.9079,85209.3616,51302.11958,15799.5405,40022.68293,25965.01166,22247.96042,4914.611761,1006.794926,375,23.2,22.3,46.9,6.08,23,5.4,1.21,4.87,0.73,4.39,0.84,2.54,0.42,2.6,0.4
266905.3397,89972.61784,50058.43183,19116.23793,49956.88459,24481.29671,10874.93588,3835.794545,1161.686453,501,16.8,16.7,32.9,4.24,16.7,3.4,1.12,3.45,0.53,3.15,0.56,1.71,0.29,1.7,0.28
317388.3111,70390.34219,25029.21592,6452.484096,18939.30532,23739.43924,32292.74852,2277.503011,309.7830541,311,15.7,50.2,90.2,9.61,29.1,4.7,0.72,3.34,0.5,3,0.54,1.48,0.23,1.5,0.25
327204.4444,73565.84635,20520.84783,5246.412302,17938.73824,25965.01166,30964.51208,2217.568722,387.2288176,293,17.2,23.4,44.9,5.42,18.8,3.9,0.74,3.25,0.49,3.07,0.55,1.64,0.27,1.8,0.27
262698.4254,88914.11645,62106.65689,19357.45229,47383.99783,24481.29671,14195.52699,4974.546051,1239.132216,425,21.5,15.6,33.1,4.37,17.6,4.4,1.2,4.36,0.65,3.94,0.77,2.33,0.37,2.3,0.36
295886.3047,79387.60398,37777.01533,10553.12819,27086.78006,24481.29671,31545.61553,3715.925966,697.0118717,300,27.2,20.8,47.3,6.56,24.7,5.5,1.02,5.39,0.84,5.11,0.96,2.76,0.44,2.8,0.44
300560.6539,72507.34496,50369.35377,10492.8246,28516.16159,20030.15185,35696.35441,4854.677471,851.9033987,217,54.9,49,109,14.6,55.6,12.4,1.25,11.5,1.73,10.6,1.92,5.6,0.91,5.6,0.86
240261.5492,127549.4171,30392.61933,10251.61025,79330.6751,22255.72428,5229.930995,3356.320227,464.6745811,842,8.9,10.9,22.4,3.07,12.5,2.7,0.92,2.21,0.32,1.86,0.31,0.91,0.14,0.8,0.13
291679.3905,81504.60675,38632.05065,11216.46768,29159.38328,25223.15419,30134.3643,3835.794545,697.0118717,406,19.6,28.5,58.7,7.44,27.1,5.2,1.04,4.33,0.64,3.76,0.68,1.97,0.34,2,0.32
285602.7365,85738.61229,44228.64552,14894.98665,38807.70863,23739.43924,24821.41853,4375.203153,929.3491622,408,25.1,30.9,63.2,8.1,29.6,6.1,1.29,5.48,0.83,4.66,0.85,2.5,0.43,2.6,0.42
248675.3778,91031.11923,65993.1811,24000.82869,55174.12719,20772.00933,14942.65999,5094.414631,1626.361034,580,19.3,21.2,42.9,5.62,22.2,4.9,1.43,4.46,0.67,3.84,0.73,1.95,0.32,2,0.34
282330.692,86797.11368,48192.90021,15256.80819,40237.09016,27448.72662,21998.91609,4614.940312,929.3491622,505,21.3,26.2,54.8,7.09,27.6,5.5,1.21,4.51,0.68,4.13,0.73,2.03,0.37,2.1,0.36
266905.3397,87855.61507,56121.4096,18091.0769,46169.02353,25965.01166,19674.50231,5274.2175,1084.240689,498,21.2,23.9,51.5,6.95,26.8,5.5,1.28,4.69,0.69,4.1,0.78,2.23,0.37,2.2,0.35
295418.8698,83092.35883,37543.82387,11698.8964,31946.67727,27448.72662,27145.83231,4015.597415,697.0118717,457,16.9,23,48.9,6.2,23.6,4.6,0.95,3.92,0.57,3.25,0.62,1.74,0.27,1.9,0.29
299158.3492,79916.85467,37466.09339,8864.627683,25014.17683,25223.15419,36194.44308,4495.071733,697.0118717,388,24.3,36.4,76.3,9.79,35.2,6.9,1.11,5.56,0.83,4.71,0.87,2.4,0.42,2.6,0.42
280928.3873,81504.60675,45550.06375,15075.89742,39808.2757,25223.15419,17931.19198,4075.531704,851.9033987,569,16.9,22.8,47.8,6.3,23.7,4.9,1.09,3.69,0.53,3.39,0.58,1.72,0.22,1.6,0.27
279058.6476,80975.35606,46327.36859,13568.30768,35305.72387,26706.86914,24074.28553,5154.34892,851.9033987,495,22.2,28.9,62.2,8.22,30.6,6.2,1.19,5.26,0.78,4.17,0.8,2.2,0.37,2.3,0.36
311779.092,75153.59843,32802.26434,9467.66358,27730.00175,23739.43924,24074.28553,2876.845909,697.0118717,280,18.6,19.3,37.7,4.67,17.7,3.9,0.9,3.55,0.57,3.43,0.62,1.91,0.33,2.1,0.32
304300.1333,74095.09704,39798.00792,10432.52102,30231.41943,33383.58642,8550.522103,2756.977329,387.2288176,276,35.7,18.3,48.5,7.32,28.8,6.8,1.16,6.13,0.98,6.31,1.23,3.61,0.65,3.9,0.64
245870.7682,86267.86299,63350.34463,28825.11587,61892.2204,21810.6098,15191.70432,4015.597415,1316.57798,350,21.7,14.3,32.2,4.62,18,4.5,1.09,4.3,0.66,3.92,0.77,2.46,0.33,2.2,0.31
279058.6476,83621.60952,54799.99137,16101.05845,40022.68293,25371.52568,23576.19687,4075.531704,1316.57798,290,32.5,27.8,58.8,7.95,30.5,6.7,1.38,6.13,0.97,5.54,1.14,3.58,0.54,3.5,0.51
308507.0476,78329.10259,34434.60451,7477.645121,14937.03702,25965.01166,40677.24107,2637.10875,774.4576352,190,29.7,43.2,76.9,9.26,32,6.1,1.2,5.51,0.85,5.04,1.04,3.27,0.51,3.3,0.51
301028.0889,80975.35606,35833.75322,7779.163069,18510.49086,29006.62732,35613.33963,2936.780199,464.6745811,230,29.1,26.5,55.5,7.11,26.2,5.7,1.19,5.36,0.84,4.87,1.01,3.15,0.49,3.2,0.45
281395.8222,83092.35883,51146.65861,13930.12922,33018.71342,27448.72662,34119.07363,7371.917642,851.9033987,350,39.9,57.6,125,16.4,61.9,12.6,2.14,10.3,1.43,7.81,1.41,3.97,0.59,3.8,0.56
282798.127,82563.10814,47493.32585,13568.30768,31017.57927,26855.24063,27726.93575,3715.925966,1084.240689,150,30.8,29,58.6,7.69,28.6,6.3,1.35,5.94,0.91,5.22,1.09,3.36,0.5,3.3,0.51
342629.7968,69861.0915,14380.13958,2653.357946,19153.71255,27968.02685,26315.68453,1138.751506,232.3372906,210,17.7,23.4,39.6,4.4,14.4,2.8,0.74,2.61,0.44,2.66,0.57,1.97,0.31,2.2,0.3
315051.1365,82563.10814,27982.97432,9708.877939,15723.19687,38131.47427,13946.48265,2577.17446,154.891527,220,33.3,37.5,68.7,8.49,29.2,6.3,0.95,5.41,0.83,5.33,1.14,3.9,0.64,4.3,0.65
311779.092,84150.86021,36144.67516,4884.590764,18724.89809,30416.15652,36609.51696,3056.648778,387.2288176,240,34.9,38.2,74.9,9.63,34.6,7.2,1.5,6.49,0.97,5.67,1.21,3.81,0.59,3.9,0.58
307104.7428,97911.37824,16245.6712,5849.448199,30803.17204,35534.97311,20504.65009,1798.028693,387.2288176,880,4.1,14.4,27,3.28,11.5,2,0.89,1.45,0.18,0.9,0.14,0.4,0.05,0.4,0.025
296821.1746,87855.61507,13602.83474,16643.79075,58247.29749,35089.85862,2739.487664,4914.611761,387.2288176,390,37.5,18.6,50.8,7.61,30.9,7.3,2.12,7.23,1.16,6.62,1.36,4.13,0.6,3.8,0.6
299158.3492,80975.35606,45783.2552,10311.91384,29731.13589,25816.64017,26149.65497,3835.794545,929.3491622,270,38.7,28.8,62.5,8.62,32.8,7.5,1.35,7.02,1.12,6.45,1.31,4.12,0.62,4.1,0.59
295418.8698,84680.11091,44617.29794,5246.412302,33018.71342,26484.3119,27228.84708,5034.480341,619.5661082,270,50.6,38.2,85,11.9,46.6,10.7,1.77,10.3,1.56,8.95,1.76,5.14,0.77,4.5,0.72
282330.692,86797.11368,64438.57141,13266.78973,41666.4717,28042.2126,17101.04421,5454.020369,1394.023743,330,37.3,26.1,54.8,7.58,29.9,7.1,1.59,7.03,1.09,6.38,1.32,4.12,0.61,4.1,0.6
301962.9587,79916.85467,39798.00792,10311.91384,25943.27483,25668.26867,35364.2953,2756.977329,387.2288176,240,36,23.1,49.4,7.08,27.1,6.3,1.13,5.81,0.95,5.73,1.24,3.86,0.63,4.1,0.63
272981.9936,85209.3616,46871.48198,17668.95178,36663.63633,30490.34227,28142.00964,3476.188807,1316.57798,320,30.1,19.4,46.4,6.66,25.9,5.7,1.15,5.16,0.83,4.85,1.02,3.14,0.5,3.1,0.49
278591.2127,85738.61229,77652.75373,7115.823583,30302.88851,41024.71843,3071.546775,3835.794545,232.3372906,480,15.5,17,31.8,4.07,16,3.3,1.29,3.08,0.42,2.35,0.51,1.49,0.24,1.5,0.23
294951.4349,84150.86021,46871.48198,13206.48614,33518.99696,24852.22545,28889.14264,3416.254517,851.9033987,270,28.3,26.1,54,7.12,25.9,5.7,1.07,5.2,0.84,4.75,0.98,3.12,0.45,3,0.44
282798.127,84150.86021,50058.43183,14412.55793,35162.78572,25371.52568,27062.81753,3596.057386,1006.794926,290,27.8,25.6,52.2,6.64,25.2,5.6,1.11,5.15,0.79,4.53,0.98,2.92,0.46,3,0.43
294484,78858.35328,37466.09339,9769.181529,21869.53746,23220.139,41424.37407,3056.648778,464.6745811,220,32,27.3,56,7.3,26.2,5.9,1,5.22,0.83,4.99,1.08,3.38,0.53,3.6,0.53
309441.9174,75153.59843,25106.9464,3799.12615,11006.23781,21588.05255,48895.70406,1798.028693,232.3372906,210,25.4,17.4,31.4,3.98,15,3.8,0.92,3.92,0.63,3.82,0.84,2.69,0.41,2.9,0.37
258958.946,99499.13032,58764.24607,23699.31075,54102.09104,26781.05489,10542.87677,5214.28321,1006.794926,540,16.2,11.1,24.3,3.42,13.8,3.3,1.03,3.29,0.51,2.88,0.6,1.67,0.25,1.6,0.025
228575.6762,91031.11923,68791.47853,30212.09843,59962.55533,25594.08293,13946.48265,3835.794545,1394.023743,980,16.6,38.3,80.6,9.69,42.1,8.4,2.12,5.96,0.68,3.55,0.64,1.75,0.23,1.5,0.21
250077.6825,109025.6428,59852.47284,33347.88509,72183.76744,30490.34227,3569.635441,3835.794545,1161.686453,790,10.7,8.9,18.9,2.45,11.5,2.8,1.27,2.7,0.34,2.13,0.4,1.14,0.16,1,0.16
314583.7016,68802.59011,25106.9464,2593.054356,11220.64504,23071.76751,51718.20651,2876.845909,387.2288176,120,35.9,39.3,78.6,9.01,35.2,7.1,0.83,6.15,0.97,6.26,1.28,4.07,0.59,4,0.6
228108.2413,103203.8852,88845.94346,58253.26763,68538.84453,16914.35046,6226.108327,2996.714489,1781.252561,480,8.5,4.6,9.6,1.23,5.9,1.4,0.61,1.59,0.22,1.52,0.3,0.93,0.13,0.9,0.12
303832.6984,95794.37546,41741.27002,22071.11382,7361.314897,66396.24411,2822.502442,3416.254517,232.3372906,70,8.8,13.8,27.5,3.1,13.2,2.4,0.63,2.05,0.26,1.65,0.33,1.12,0.17,1.3,0.17
306637.3079,67744.08873,21142.69171,2170.929229,10291.54704,21365.49531,50639.0144,1857.962983,309.7830541,110,35.9,47.8,95.9,10.8,41.1,7.7,0.73,6.68,1.01,6.32,1.26,3.79,0.54,3.7,0.52
316920.8762,66685.58734,10804.53731,844.2502556,5145.77352,26410.12615,51635.19173,479.4743182,232.3372906,100,20.3,37.2,72.8,7.54,26.7,4.8,0.4,3.83,0.52,3.15,0.62,2.05,0.31,2.3,0.31
307104.7428,81504.60675,43606.80164,11578.28922,31589.33189,29748.48479,21002.73876,3536.123096,1006.794926,280,27.2,20,43.6,5.45,23.6,5.1,1,4.87,0.71,4.61,0.96,3.01,0.43,3.1,0.43
324867.2698,75682.84912,34900.98741,5065.501533,10363.01612,30193.59928,49227.76317,2876.845909,232.3372906,130,31.6,41.5,89.2,9.21,35.5,7,1.1,6.23,0.91,5.86,1.1,3.18,0.44,3.1,0.44
288781.2939,85738.61229,36533.32758,13930.12922,33376.0588,32270.80021,25319.5072,5394.086079,542.1203446,777,12.3,37.5,75,8.97677955,32.5,5.8,1.4,3.9,0.522503881,2.3,0.408806402,0.9,0.138506017,0.9,0.137515528
282798.127,85209.3616,42285.38341,18151.38049,36949.51264,31974.05722,22247.96042,5933.494687,542.1203446,751,12.4,32.4,66.6,8.239424004,31.5,5.9,1.4,4,0.553586428,2.6,0.407974085,0.7,0.123068517,0.9,0.137515528
301822.7282,82033.85744,27672.05238,12181.32512,26014.74391,30416.15652,29387.2313,4255.334574,387.2288176,641,12.1,39.2,79.6,9.375734648,33,6,1.2,4,0.538911631,2.4,0.454028963,1.1,0.161614325,1,0.152795031
283546.0228,87696.83986,40342.12131,17548.3446,39165.05401,31677.31423,21998.91609,5993.428977,542.1203446,842,12.2,34,68.6,8.502495529,32.6,5.8,1.5,4.2,0.549714936,2.3,0.459993902,1.2,0.161662267,0.9,0.137515528
245730.5378,85526.91202,60241.12527,28825.11587,54459.43642,25297.33994,28308.03919,6293.100426,619.5661082,545.7971014,9.222900763,26.23048327,56.14422369,6.610969851,24.98186566,4.384559359,1.044927536,3.169430425,0.376256373,1.922266618,0.323233795,0.822869629,0.10647945,0.662463768,0.097
250825.5784,89019.96659,59697.01188,19055.93434,53959.15289,26632.68339,31628.6303,6293.100426,774.4576352,899.5658466,13.44512195,36.06533036,75.70903747,9.140369967,34.68057366,5.895272727,1.479015919,4.384449244,0.520290909,2.71164309,0.454109091,1.181090909,0.150284796,0.923878437,0.135745297
272935.2501,89178.7418,47182.40392,5608.23384,32089.61542,29303.37031,32375.7633,6233.166136,1548.91527,541.1849711,7.404870624,27.70941438,56.90388848,6.601955813,24.09952264,4.015976761,0.96300578,2.79798706,0.316194626,1.612459254,0.259259259,0.682207698,0.0854,0.53916185,0.0786
252227.8832,97752.60303,58841.97655,15980.45127,56889.38503,27151.98363,22247.96042,6233.166136,1936.144088,499.2467762,9.130292415,24.35614646,53.546749,6.473036925,23.83398964,4.54553152,1.19506812,3.334011787,0.344131013,1.779871375,0.243232173,0.667008279,0.113783047,0.683381326,0.107396687
267279.2876,92089.62061,54799.99137,15196.5046,33233.12065,35089.85862,28889.14264,5633.823238,1161.686453,1127.125759,20.49175924,41.86435258,85.12579194,11.58790238,50.66839063,9.882334745,2.413250508,7.575770939,1.044027899,4.775177211,0.862598725,2.105728821,0.311535766,1.570451496,0.235737773
267139.0571,94471.24873,44384.10649,10251.61025,28516.16159,28932.44157,51801.22128,3835.794545,542.1203446,271.0351655,22.47456681,24.90664879,58.88904375,6.757530726,25.84284067,5.336204253,1.1,5.580259008,0.745879562,4.421390519,0.849494033,2.480244398,0.366138912,2.341948556,0.347017902
297849.5314,83674.53459,30081.69739,10854.64614,27658.53267,32196.61446,26813.7732,4315.268864,464.6745811,764.15,8.21,35.74,69.2,8.060559218,27.8,4.73,1.09,3.16,0.419430026,1.81,0.311772104,0.65,0.093128397,0.56,0.085565217
301121.5759,83621.60952,30392.61933,9708.877939,27086.78006,31899.87147,27560.9062,4315.268864,464.6745811,763.48,8.3,37.32,70.62,8.249269104,28.6,5.54,1.13,3.1,0.419123994,1.88,0.307596646,0.58,0.087725272,0.56,0.085565217
296306.9962,84627.18584,30781.27175,10613.43178,27944.40898,33161.02918,27311.86186,4734.808892,464.6745811,836.36,9.06,39.54,78.71,9.184498892,31.78,5.99,1.31,3.46,0.460582138,2,0.34309497,0.71,0.099293808,0.58,0.088621118
301074.8324,81028.28113,29148.93158,9588.27076,25800.33668,31009.6425,28225.02442,4614.940312,464.6745811,774.71,8.85,40.57,79.53,9.273980974,32.05,5.21,1.32,3.58,0.458259243,1.82,0.352985154,0.885037621,0.113571605,0.59,0.090149068
301822.7282,82351.40786,30392.61933,9889.788708,25085.64591,30787.08526,28972.15742,4195.400284,464.6745811,716.6,7.37,35.46,67.32,7.764942882,26.29,4.16,1.15,3.07,0.393656953,1.57,0.278312957,0.61,0.086205493,0.51,0.077925466
299438.8101,84574.26077,30392.61933,9467.66358,26872.37283,32270.80021,27394.87664,4375.203153,387.2288176,798.88,7.88,37.32,69.97,8.207175672,28.67,4.96,1.28,2.99,0.392270591,1.65,0.263303506,0.47,0.074632162,0.5,0.076397516
311451.8876,83304.05911,27283.39996,9166.145632,24013.60976,31158.014,29138.18697,4375.203153,387.2288176,714.95,8.73,38.71,94.22,10.20112797,30.23,5.23,1.24,3.58,0.47366778,2.03,0.387374238,0.95,0.120887131,0.62,0.094732919
247553.534,88914.11645,78196.86712,21648.9887,49242.19382,20549.45209,16104.86687,5633.823238,1316.57798,228.6,25.5,6.4,16.5,2.4,12.4,3.29,1.04,4.14,0.65,4.44,0.89,2.67,0.44,2.78,0.39
303645.7244,82721.88334,37621.55436,6814.305634,13078.84103,61129.05603,1079.19211,4435.137443,929.3491622,109.4,41.5,14.8,31.8,4.51,20.1,5.49,1.67,6.25,1.13,7.28,1.53,4.26,0.7,4.81,0.68
244889.1549,93518.59748,70190.62724,24603.86459,63678.94731,11647.16237,5811.034439,4674.874602,1316.57798,366.9,19.6,3.5,8.5,1.35,6.4,1.96,0.77,3.04,0.53,3.44,0.74,2.16,0.34,2.06,0.34
243206.3892,96376.55123,74543.53436,20262.00613,57318.19949,23591.06774,7637.359548,5693.757528,1703.806797,323.8,28.5,7.6,17.8,2.67,13.3,3.72,1.05,4.61,0.77,4.7,1.05,3.01,0.44,2.9,0.46
222732.7397,89337.51701,78430.05857,46132.24611,66108.89592,22404.09578,6226.108327,4674.874602,2788.047487,261.4,12.5,3.6,8.5,1.25,6.9,1.85,0.6,2.21,0.34,2.34,0.43,1.36,0.2,1.22,0.18
227500.5759,95318.04984,84881.68876,33166.97433,58819.0501,27522.91236,4150.738885,4614.940312,1626.361034,212,7.3,0.7,1.7,0.28,1.8,0.63,0.4,1.09,0.2,1.44,0.3,0.82,0.11,0.94,0.12
243860.7981,96111.92588,55110.91331,21347.47075,55317.06534,27745.46961,23161.12298,4794.743182,1239.132216,1418.1,11.7,18.9,37,5.05,19.7,4.19,1.3,3.31,0.44,2.22,0.35,0.99,0.16,0.99,0.16
354128.6958,69914.01657,5907.5168,422.1251278,7575.722127,27226.16937,39764.07852,359.6057386,77.44576352,383.4,3.2,7,10.3,0.94,2.4,0.52,0.14,0.42,0.07,0.33,0.11,0.31,0.04,0.43,0.07
280273.9784,90396.01839,39798.00792,12482.84306,37449.79617,31603.12848,27892.96531,3895.728835,1084.240689,1146.5,10.3,23.1,40.9,5.23,20.6,3.68,1.13,2.86,0.4,1.97,0.34,1.06,0.14,1.11,0.15
290744.5206,93148.122,34356.87402,10492.8246,41380.59539,30861.27101,9712.728991,2756.977329,851.9033987,718,21,20,39,4,20,3.8,1.4,3.6,0.62,3.1,0.58,1.8,0.33,1.7,0.27
296634.2006,86214.93792,32569.07289,12904.96819,29516.72866,30638.71376,19176.41365,3775.860256,542.1203446,447,14.6,34.6,63,7.03,26.3,4.22,1.29,3.6,0.52,2.61,0.47,1.27,0.21,1.28,0.19
356278.8965,68643.8149,1554.609684,301.5179484,4359.613677,24703.85395,48812.68929,599.3428977,7744.576352,82,11,25.7,40.9,4.17,11,1.7,0.3,1.68,0.28,1.55,0.32,0.98,0.2,1.4,0.23
354736.3612,69331.84081,4197.446148,1145.768204,5574.58798,26558.49764,39847.09329,839.0800568,77.44576352,120,9.2,24.8,45.9,4.86,13,2.1,0.54,1.97,0.29,1.53,0.3,0.87,0.16,1.05,0.17
315144.6235,81928.0073,22075.45752,9708.877939,21726.59931,31306.38549,23908.25598,2697.04304,309.7830541,547,14.7,22.8,48.1,5.97,23.5,3.94,1.01,3.08,0.49,2.66,0.55,1.53,0.24,1.6,0.23
310610.5047,85103.51146,23707.79768,10673.73537,23013.04269,31528.94273,22746.04909,3056.648778,464.6745811,484,17,24.3,49.7,5.91,17,3.3,1.02,3.6,0.54,3.04,0.54,1.54,0.29,1.7,0.25
335524.786,76688.42544,12903.26038,4221.251278,5360.18075,34199.62965,35530.32485,1798.028693,387.2288176,154,18.3,33.5,60.1,7.23,26,4.2,0.78,3.18,0.53,3.16,0.64,2,0.34,2.2,0.34
298223.4793,83621.60952,33579.56918,11638.59281,30302.88851,25371.52568,26149.65497,3116.583068,774.4576352,551,25,13,35,4.1,20,4.6,1.3,4.4,0.87,4.2,0.8,2.6,0.52,2.8,0.43
305515.4641,82721.88334,27827.51335,9588.27076,23942.14068,36128.45909,18346.26587,3236.451648,542.1203446,371,13.1,35.4,62.9,7.53,26.7,4.53,1.18,3.3,0.52,2.68,0.46,1.32,0.2,1.22,0.18
320800.586,80816.58085,20443.11735,7357.037941,21440.723,31380.57124,25983.62542,2517.24017,464.6745811,462,15.9,35.6,64.9,7.44,25.8,4.06,1.01,3.38,0.53,2.83,0.52,1.5,0.25,1.62,0.25
309488.6609,86373.71313,15857.01878,4643.376406,18081.6764,38947.5175,30798.48253,2577.17446,851.9033987,471,24.6,34.9,67.1,8.21,29.7,5.14,1.37,4.42,0.7,4,0.8,2.47,0.41,2.78,0.44
272981.9936,91031.11923,56976.44493,14111.03999,19796.93424,42953.54787,6475.15266,6233.166136,929.3491622,736,33,19,41,4.9,23,5,1.6,5.2,0.82,4.8,0.9,2.9,0.56,2.8,0.43
312246.527,83145.2839,24174.18059,8683.716914,21011.90854,29971.04203,29553.26086,3056.648778,542.1203446,457,15.9,42.1,70.5,7.95,27.2,4.42,1.13,3.46,0.56,3.05,0.6,1.84,0.29,1.97,0.3
310844.2222,84150.86021,26428.36463,6754.002044,25228.58406,28116.39834,23493.18209,2936.780199,851.9033987,584,28,8.3,23,3.7,17,5,1.6,5.2,0.92,5.2,1,3.1,0.52,2.9,0.42
340666.5701,75365.29871,10726.80682,3377.001022,4645.489983,33161.02918,35945.39874,1798.028693,387.2288176,98,20.1,42.1,76.1,8.49,19,3,0.87,3.67,0.57,3.16,0.64,1.92,0.33,2.18,0.33
348753.1943,68485.0397,4508.368084,1085.464614,1715.25784,18027.13667,58359.38872,1018.882926,77.44576352,161,15,27.1,48.5,5.4,17,2.6,0.42,2.26,0.38,1.98,0.49,1.4,0.28,1.92,0.3
357353.9968,65521.23582,8939.005685,1386.982563,3001.70122,29154.99881,37190.62041,1078.817216,232.3372906,88,21.8,29,56.6,6.28,21.5,3.67,0.48,3.15,0.53,3.21,0.7,2.12,0.37,2.57,0.38
295933.0482,84203.78528,33424.10821,11457.68204,24085.07884,30416.15652,28723.11308,3955.663125,774.4576352,375,31,36.8,74.3,9.31,34.2,6.33,1.33,5.64,0.93,5.38,1.07,3.15,0.51,3.18,0.47
320800.586,81028.28113,20520.84783,5608.23384,17652.86194,28709.88433,31794.65986,2457.305881,619.5661082,310,41.3,33.5,62.4,7.58,23,2.5,1.34,5.22,0.89,5.53,1.24,3.93,0.71,4.69,0.72
358756.3016,66897.28762,5207.942442,603.0358968,3573.453833,25297.33994,43416.72874,599.3428977,154.891527,44,3.3,27,26.5,1.75,4,0.44,0.09,0.33,0.05,0.36,0.1,0.4,0.08,0.81,0.18
308974.4825,79916.85467,32102.68998,9467.66358,26586.49652,23813.62498,26481.71409,2756.977329,697.0118717,494,23,14,33,3.8,18,3.9,1,3.9,0.63,3.7,0.73,2.4,0.41,2.4,0.37
320707.099,84097.93515,21220.42219,5487.626661,23584.7953,27300.35512,27892.96531,1738.094403,542.1203446,461,15.7,20.5,37.6,4.63,18.2,3.11,0.83,2.65,0.46,2.63,0.54,1.64,0.28,1.87,0.28
339544.7263,67532.38845,1943.262105,301.5179484,15580.25871,30193.59928,14444.57132,179.8028693,7744.576352,282,10,3.9,9.4,1.35,6,1.27,0.45,1.13,0.21,1.19,0.29,0.95,0.19,1.41,0.21
314349.9841,82510.18307,23319.14526,9407.35999,22155.41377,31974.05722,24572.3742,2996.714489,464.6745811,425,13.2,28.4,51.5,6.06,15,2.8,1,2.96,0.48,2.67,0.49,1.48,0.22,1.42,0.21
285976.6844,94735.87408,31325.38514,13809.52204,27301.18729,31751.49998,24904.43331,4015.597415,619.5661082,508,16.1,43.1,79,8.85,30.1,4.96,1.37,4.19,0.6,3.12,0.55,1.55,0.23,1.35,0.21
290510.8032,87855.61507,32957.72531,10010.39589,33233.12065,28784.07007,24904.43331,3775.860256,851.9033987,426,34.4,41.2,79.4,10.09,36.3,6.86,1.48,6.15,0.99,5.61,1.11,3.44,0.54,3.42,0.51
283686.2533,84733.03598,48503.82215,16824.70152,43739.07492,23516.88199,16602.95554,3476.188807,1239.132216,403,27.61,19.41,39.43,5.31,22.36,4.96,1.14,4.72,0.75,4.26,0.95,2.75,0.41,2.97,0.44
237550.4267,92142.54568,68402.82611,20985.64921,67895.62284,24184.55372,17350.08854,4674.874602,1394.023743,805.3,19.1,10,21.7,3.2,14.6,3.61,1.14,3.68,0.61,3.29,0.7,1.95,0.29,1.84,0.28
232548.873,91930.8454,73688.49903,25568.72203,65894.48869,21958.98129,13863.46788,4435.137443,1471.469507,912.2,18.7,9.7,20.8,3.1,14.6,3.34,1.12,3.63,0.59,3.18,0.65,1.89,0.27,1.79,0.28
233810.9473,87855.61507,75320.8392,22794.7569,66251.83407,20994.56657,12701.26099,4435.137443,1548.91527,864.3,18.1,9,20.1,2.95,13.8,3.44,1.07,3.48,0.58,3.25,0.65,1.87,0.27,1.83,0.26
239747.3708,95265.12477,60396.58623,19297.1487,66752.11761,25594.08293,16519.94076,4255.334574,1239.132216,889.6,16.8,9.6,21.7,2.94,14.4,3.35,1.11,3.41,0.56,3.13,0.61,1.76,0.26,1.77,0.26
231800.9771,76000.39954,73766.22952,54514.44507,90980.1346,11498.79088,664.1182216,5034.480341,1394.023743,83,15.51,2.82,6.96,0.94,4.87,1.56,0.64,1.95,0.4,2.69,0.55,1.88,0.26,2.27,0.3
310376.7873,87855.61507,26972.47802,11753.16963,32018.14635,29748.48479,12784.27577,3212.477932,534.3757683,571,16.6,27.6,52.07,6.52,27.74,4.86,1.38,4,0.597,3.38,0.64,1.61,0.227,1.44,0.22
307572.1778,90501.86853,27205.66947,12127.05189,33733.40419,30935.45675,11539.0541,3242.445077,542.1203446,576,12.9,19.4,38.3,4.85,19,3.83,1.16,3.18,0.462,2.59,0.491,1.27,0.18,1.16,0.178
238345.066,71448.84358,65604.52868,65369.09122,80831.52571,9718.332937,1411.251221,1857.962983,1316.57798,149,7.09,1.7,4.09,0.58,3.04,0.62,0.38,1.06,0.21,1.22,0.28,0.88,0.16,1.05,0.15
309348.4305,85473.98695,23319.14526,12000.41435,28444.69251,33977.07241,18097.22154,3176.517358,464.6745811,756,11.5,24.8,47.5,5.92,22.7,4.23,1.11,3.5,0.461,2.4,0.429,1.13,0.156,1,0.142
306029.6425,84944.73625,23863.25865,12241.62871,29373.79051,34051.25815,17931.19198,3236.451648,464.6745811,778,11.9,22.4,43.8,5.49,21.4,4.16,1.12,3.5,0.466,2.44,0.444,1.16,0.16,1.03,0.146
309067.9695,85579.83709,24096.45011,12301.9323,29445.25959,33902.88666,18014.20676,3236.451648,464.6745811,739,11.3,24,46.4,5.69,21.9,4.09,1.09,3.41,0.449,2.35,0.429,1.12,0.156,1.01,0.143
305001.2857,86056.16271,24951.48543,13327.09332,30374.35758,33680.32942,17682.14765,3296.385937,464.6745811,760,11.6,21.5,41.8,5.25,20.5,4,1.1,3.38,0.452,2.39,0.435,1.14,0.16,1.03,0.145
233047.2881,74455.55858,74429.11509,50903.61748,88497.10948,12672.37602,706.9521866,6007.900711,1273.280377,114.7018842,19.3111547,4.835403047,11.41760825,1.648070828,7.758790675,2.346740462,0.853851583,3.041879205,0.563568113,3.629444069,0.778915188,2.123747508,0.307602434,1.873604843,0.309823436
295966.145,86121.72179,34800.41505,11594.6918,38210.73923,24097.85506,19229.9918,2210.044571,573.1985551,790.6199746,7.783808388,12.6158879,20.41459314,2.895979549,11.26984476,2.375770701,0.841803837,1.902471603,0.270907021,1.537905772,0.295295303,0.776210103,0.112011718,0.684989273,0.106489179
235725.7232,88772.55407,86133.66452,23949.10691,62747.78279,19797.87257,10320.91559,5619.429719,1428.202882,450.7398067,20.0952171,6.133245959,12.87263912,1.95364065,9.221273904,2.694055695,0.982946237,3.367647236,0.605208574,3.766184581,0.806759487,2.20278365,0.322966194,2.044157897,0.317757405
235120.9645,68239.37105,80726.88633,42092.53215,87490.55759,12932.51428,5465.195705,4095.476038,2373.360274,285.6604008,14.99926829,4.529291563,9.702597193,1.43747224,6.543044244,2.016569845,0.724652236,2.424811658,0.42208425,2.807744788,0.593838767,1.661094661,0.240236061,1.454113674,0.22929657
236454.7174,86813.32225,85362.6438,24859.39834,56746.59267,21930.08743,11563.38034,7673.18634,1348.139065,408.8007772,23.05231727,7.751366385,16.59398663,2.502492262,11.86883234,3.477313426,1.169925124,4.062753117,0.697301366,4.413979156,0.926891211,2.573305122,0.362257235,2.232360258,0.338200999
274608.669,75694.07559,75323.72223,10624.28975,39049.23838,25988.47179,20444.10617,8499.898956,1327.114089,366.7234226,41.67959385,14.7589716,31.40812095,4.817047187,22.15527631,6.363812788,1.785221238,7.337143706,1.264116819,7.969944681,1.656480903,4.499604313,0.634274439,4.028894852,0.622891815
236215.2385,87216.27997,74631.23261,25230.09114,63911.81072,19958.64125,22402.69167,4525.492281,1312.460963,964.6934821,19.1195753,16.84653885,32.87596383,4.57545693,19.56179495,4.739583596,1.479941744,4.415967,0.659600616,3.731576358,0.734980746,1.942881689,0.2734931,1.755603839,0.267998903
287997.5253,84427.51755,44825.08396,4963.482332,32211.74607,26105.91859,30228.96628,4396.829842,752.8967346,373.6330972,27.30406331,13.6678076,27.1647418,3.6460837,15.60884988,4.139834905,1.213950484,4.488082071,0.775208267,4.955985652,1.036416321,2.865624587,0.438900466,2.85269021,0.466578419
282837.2639,87323.24153,43284.68341,13080.97447,41700.9541,25347.84114,19971.06929,3333.485862,991.4641496,796.194636,16.71554368,17.33872889,30.61419727,3.994503191,16.19692058,3.442732715,1.134188718,3.282787447,0.505444101,3.11264448,0.630051303,1.742831294,0.262813368,1.672532255,0.267804763
281396.8365,82380.9501,54267.84381,24693.88036,50021.79424,17002.77467,12363.60917,4344.62348,968.4352646,418.7768359,19.921314,12.00865961,19.87666196,3.091630316,12.92330835,3.157232426,1.006582125,3.465952653,0.586652478,3.735585241,0.771840697,2.1,0.301639759,1.931924596,0.300617644
311770.9587,88501.72431,17442.72066,967.2092749,26263.38483,23445.14437,24589.39223,1294.760462,703.5947616,635.138561,11.94700055,19.44828948,28.87508445,3.62296073,12.59767775,2.233674096,0.78429031,1.960067451,0.309415521,1.873281091,0.400691962,1.206884828,0.192123853,1.333862994,0.236164463
257991.4712,92661.90045,69009.30266,19741.71943,56089.90263,18842.47068,10055.94695,5469.258063,1917.626031,372.037335,22.46654556,7.876374687,16.2562523,2.449630139,11.17998281,3.135316546,1.069917202,3.724230552,0.642074009,4.179180707,0.892965521,2.465742261,0.363138875,2.313834488,0.378975066
309123.2287,86432.1424,23099.42062,5880.385147,30883.08662,27532.86587,18362.67623,2485.36292,381.1330616,842.9746927,5.582850989,13.49563207,23.36126853,3.098002452,12.22634354,2.552433542,0.782972119,1.952885116,0.250242764,1.228547572,0.201093851,0.483405572,0.0661,0.394413251,0.0616
304551.2457,89467.18898,28639.95664,1853.368716,29517.97187,26994.6134,23496.48193,1373.927965,973.7662438,866.6424246,24.05197884,30.03973946,36.92751029,5.914951424,21.43996256,4.060690645,1.206859922,3.645308374,0.613445142,3.79176302,0.825940421,2.450095655,0.387448375,2.653460583,0.449433464
281863.2571,89866.7677,38787.51162,10131.00307,40094.15201,37092.87381,5645.004883,3895.728835,697.0118717,402,12.84,15.42,29.17,3.24,14.41,2.2,1.1,2.27,0.31,2.07,0.49,1.49,0.23,1.26,0.26
268307.6444,92618.87131,53400.84265,22553.54254,50385.69905,27374.54087,11705.08366,4495.071733,929.3491622,505,16.5,14.6,29.7,3.892905358,16.2,3.65,1,3.1,0.486628059,2.8,0.600794207,1.7,0.250883346,1.56,0.238360248
270644.819,92883.49665,53323.11217,22372.63177,52172.42597,26706.86914,11622.06888,4435.137443,1006.794926,504,16.7,15,30,3.935919698,16.4,3.55,1,3.4,0.517507813,2.85,0.597811738,1.65,0.248558133,1.58,0.241416149
268307.6444,94947.57436,53634.03411,20684.13126,49742.47736,28413.14133,10210.81766,4375.203153,1006.794926,545,15,13.1,26.7,3.523681003,14.8,3.5,1.02,3,0.46655161,2.65,0.550022866,1.5,0.227775039,1.46,0.223080745
286070.1714,88384.86576,42674.03583,16462.87998,43238.79138,27300.35512,9463.684658,3416.254517,774.4576352,423,19.2,19.6,39,5.084205454,21,4.25,1.02,3.9,0.599546564,3.35,0.713018293,2,0.293983696,1.82,0.278086957
286070.1714,88384.86576,42674.03583,16462.87998,43238.79138,27300.35512,9463.684658,3416.254517,774.4576352,450,19,19,37.5,4.889440103,20.2,4.1,1.01,3.85,0.58767399,3.25,0.701920732,2,0.290915373,1.78,0.271975155
272981.9936,94471.24873,52468.07684,17608.64819,48098.6886,28561.51283,10791.9211,3655.991676,1084.240689,553,16.2,15,28,3.743920383,16,3.4,1.01,3.1,0.48295936,2.75,0.569651677,1.55,0.242373544,1.6,0.24447205
272047.1238,93412.74735,52390.34636,21166.55998,50028.35367,27968.02685,12120.15754,4555.006023,929.3491622,525,16.5,16.5,31.5,4.130685048,17.2,3.7,1.03,3.7,0.54105017,2.8,0.575200457,1.55,0.235469818,1.51,0.230720497
288874.7809,87590.98972,42129.92244,14291.95075,38593.3014,27819.65535,17350.08854,3715.925966,774.4576352,440,19,20.2,38,4.906980413,20,4.2,1.01,3.7,0.570399763,3.2,0.653715701,1.75,0.274686821,1.82,0.278086957
294016.5651,87326.36437,42751.76632,14894.98665,37807.14156,28338.95559,18346.26587,3895.728835,774.4576352,434,17.5,20,38.5,4.924520723,19.8,4.2,1.03,3.65,0.562195888,3.15,0.639635671,1.7,0.250883346,1.56,0.238360248
263165.8603,91454.51978,59774.74236,23940.5251,46883.71429,22997.58176,11622.06888,4495.071733,1084.240689,430,18,14.3,27.3,3.619862855,15.3,3.5,0.95,3.3,0.519443559,3,0.631520579,1.75,0.266248932,1.71,0.261279503
280460.9524,89707.99249,46560.56004,15678.93332,40808.84278,27448.72662,14942.65999,3835.794545,929.3491622,477,18,18,35,4.558062404,18.8,3.85,1.01,3.6,0.553992013,3.1,0.64261814,1.75,0.270084336,1.76,0.268919255
277188.9079,89866.7677,48503.82215,18091.0769,41737.94077,26039.19741,14859.64521,4015.597415,851.9033987,470,18,16.8,33.5,4.3836034,18.2,4.05,0.98,3.5,0.541252962,3.05,0.66266311,1.9,0.278594138,1.72,0.262807453
265035.6,93941.99804,55421.83524,24302.34664,54030.62196,25297.33994,10376.84721,4435.137443,1084.240689,488,17.2,13.6,26.5,3.528848687,15,3.3,0.98,3.15,0.498500633,2.9,0.603360518,1.65,0.255461859,1.67,0.255167702
263867.0127,95000.49942,56665.52299,20563.52408,45954.6163,26187.56891,11206.99499,5753.691818,1084.240689,481,26,22,36.5,5.067576113,22.7,5,1.44,4.7,0.738145964,4.25,0.889677591,2.45,0.372441673,2.39,0.365180124
261763.5555,95265.12477,57209.63638,25267.20408,57461.13764,24703.85395,9297.655102,4734.808892,1084.240689,480,17.5,12.4,24,3.238083679,14,3.45,0.98,2.95,0.48035993,2.9,0.611891768,1.7,0.2646908,1.74,0.265863354
269943.6666,90237.24319,50602.54522,22432.93536,45597.27091,28635.69858,12867.29054,4974.546051,851.9033987,625,16,20.7,40,5.261430494,22,4.5,1.2,3.6,0.539317216,2.9,0.611891768,1.7,0.237842974,1.39,0.212385093
277422.6254,91560.36992,49592.04893,19176.54152,45382.86368,28338.95559,13697.43832,4375.203153,929.3491622,502,17.3,17.6,33.5,4.424216091,18.6,3.85,1.03,3.3,0.51577486,2.95,0.625971799,1.75,0.259345206,1.62,0.24752795
275786.6032,91136.96936,50058.43183,19417.75588,46454.89983,27745.46961,13531.40876,4435.137443,929.3491622,504,17.4,17.5,34,4.502675438,19,4,1.03,3.3,0.519443559,3,0.640051829,1.8,0.263971661,1.63,0.249055901
283265.5619,86797.11368,45083.68084,17910.16614,40951.78093,26929.42638,13863.46788,4435.137443,851.9033987,451,15.8,17.3,33,4.325450398,18,3.7,0.97,3.1,0.479290661,2.7,0.589696646,1.7,0.247815023,1.52,0.232248447
271112.2539,92565.94624,51768.50249,20865.04203,48670.44121,28487.32708,12037.14277,4495.071733,929.3491622,521,16.2,15.7,30.5,4.075298082,17.4,3.8,1.03,3.25,0.500233587,2.8,0.592262957,1.65,0.244722729,1.53,0.233776398
272514.5587,91295.74457,49358.85748,18694.1128,45954.6163,27374.54087,12950.30532,4315.268864,851.9033987,500,16.3,16.4,31,4.052225701,16.8,3.75,0.99,2.95,0.469353832,2.75,0.561120427,1.5,0.233144604,1.53,0.233776398
264568.1651,94471.24873,55965.94863,23458.09639,53673.27658,25445.71143,10293.83243,4614.940312,1084.240689,500,18,13.5,26,3.491002031,15,3.35,0.98,2.95,0.484028629,2.95,0.625971799,1.75,0.265481852,1.7,0.259751553
214739.6025,65097.83526,98018.14059,68323.96711,83618.8197,14762.96377,2656.472886,7611.654801,1703.806797,158,23,3.94,10.72,1.75,9.24,3,0.84,3.48,0.5930019,3.78,0.849462805,2.52,0.353298214,2.07,0.31
218666.0559,75471.14885,101671.4734,51981.69431,78044.23172,15949.93574,3735.664996,15702.78392,1858.698324,173,61,6.4,19.4,2.79,17.08,5.89,2.14,8.61,1.458932896,9.24,2.221495884,7.01,0.940733443,5.21,0.81
267606.492,81081.20619,66226.37255,22191.721,62606.91116,18398.06541,2324.413776,3835.794545,1394.023743,496,17,8.91,28.37,3.86,18.23,3.51,1.11,3.32,0.555743402,3.47,0.746810366,2.12,0.329326941,2.16,0.37
296166.7657,90290.16826,34745.52644,12543.14665,36091.88372,33754.51516,16104.86687,4135.465994,697.0118717,905,11,9.21,24.62,2.32,7.65,1.67,0.91,3.25,0.549394156,3.47,0.681972866,1.74,0.259340411,1.63,0.31
309909.3524,88384.86576,27438.86093,12199.41619,32875.77527,28784.07007,13863.46788,3212.477932,549.864921,551,14,19.2,38.4,4.76,15.74,3.02,1.16,3.36,0.499,2.8,0.524,1.39,0.197,1.23,0.187
307572.1778,89443.36715,26972.47802,11662.71424,34876.90941,30045.22778,12286.1871,3254.431935,534.3757683,600,14.4,22,43.25,5.43,21,4.19,1.22,3.59,0.518,2.86,0.543,1.41,0.2,1.25,0.2
308039.6127,88914.11645,26972.47802,11656.68389,33447.52788,29525.92755,12701.26099,3134.563355,557.6094973,567,14.8,20.2,40.25,5.11,20.3,4.29,1.27,3.53,0.544,3.11,0.601,1.54,0.224,1.39,0.209
308039.6127,88384.86576,25340.13785,10890.8283,32304.02265,30341.97077,12950.30532,3002.707918,495.6528865,558,13.4,24.3,47.25,5.72,22,4.09,1.19,3.25,0.489,2.71,0.515,1.37,0.205,1.27,0.195
307572.1778,87855.61507,26583.8256,12633.60204,34948.37849,29748.48479,12120.15754,2984.727631,526.6311919,551,11.5,22.6,43.22,5.2,18.36,3.66,1.08,2.96,0.432,2.38,0.446,1.14,0.17,1.05,0.169
305235.0032,91560.36992,28449.35722,12609.4806,34805.44034,31009.6425,14693.61565,3476.188807,596.3323791,579,15.4,17,34.23,4.46,18.5,4.18,1.25,3.56,0.53,3.02,0.572,1.5,0.219,1.35,0.213
314116.2666,88914.11645,24096.45011,10613.43178,31017.57927,31158.014,14444.57132,3116.583068,464.6745811,648,11.7,25.3,50.4,5.7,21.7,4.12,1.07,3.31,0.4,2.27,0.4,1,0.13,0.86,0.14
314116.2666,87855.61507,23785.52817,12121.02153,31875.20819,31751.49998,13282.36443,2936.780199,464.6745811,590,10.7,16.9,32.6,4.08,17.41,3.35,0.93,2.72,0.37,2.05,0.39,1.01,0.16,0.88,0.14
314116.2666,84150.86021,22541.84042,11698.8964,28516.16159,31380.57124,14278.54176,2637.10875,464.6745811,569,14.7,22.4,45.2,5.23,18.34,4.07,0.98,3.39,0.5,2.69,0.57,1.49,0.21,1.47,0.2
305235.0032,89443.36715,27516.59141,13327.09332,35591.60018,30045.22778,12618.24621,3416.254517,542.1203446,626,13.2,19.5,38.5,4.83,16.4,3.55,1.08,3.06,0.44,2.87,0.48,1.27,0.18,1.22,0.19
320192.9206,87326.36437,18733.0467,6633.394865,25157.11499,25074.78269,21002.73876,2517.24017,387.2288176,377,13.3,40.8,71.6,8.67,31.4,5.46,1.22,4.45,0.61,2.52,0.44,1.13,0.12,0.97,0.14
235820.9174,72348.56976,80839.70358,44021.62047,69325.00437,25000.59694,747.1329993,9110.012045,1626.361034,99,33.61,2.93,10.04,1.55,9.34,3.33,0.9,4.85,0.87,6.03,1.23,3.59,0.54,3.57,0.53
266063.9568,79652.22932,49747.5099,25448.11485,66037.42684,34496.37264,2905.517219,3236.451648,1703.806797,222,13.72,5.63,13.1,1.93,8.81,2.02,0.73,2.31,0.34,2.16,0.52,1.31,0.18,1.2,0.2
297662.5574,84838.88612,25573.32931,7296.734352,21011.90854,31603.12848,32873.85197,2697.04304,697.0118717,526,18.55,25.38,47.93,5.09,18.24,3.42,0.9,3.01,0.46,2.83,0.58,1.89,0.3,1.92,0.31
319445.0247,78223.25245,26272.90366,11698.8964,25871.80575,24852.22545,25153.47764,2637.10875,542.1203446,268,19.49,28.71,54.81,5.93,21.59,4.09,0.7,3.63,0.55,3.06,0.63,1.83,0.32,1.8,0.29
241757.3409,80393.18029,55888.21815,56202.94558,58604.64287,26261.75465,5063.90144,4734.808892,774.4576352,360,13,9.6,19.6,2,10.2,2.7,0.84,3,0.5,2.8,0.6,1.7,0.2,1.5,0.22
263119.1168,101298.5827,46716.02101,16402.57639,52744.17858,32419.17171,9878.758546,5394.086079,697.0118717,723,13,16.3,35.6,3.5,17.1,4.1,1.08,3.8,0.6,3.2,0.61,1.7,0.3,1.5,0.22
279806.5435,92354.24596,44073.18455,18452.89844,42809.97692,26335.9404,12286.1871,4015.597415,774.4576352,549,56,43.8,98.9,9.4,47.1,11,2.9,11.6,1.7,9.9,2.1,6,0.9,5.5,0.8
296867.9181,86638.33847,34279.14354,8623.413325,19010.77439,31899.87147,22995.09342,2936.780199,542.1203446,234,12,16.1,29,2.8,12.3,2.8,0.63,2.7,0.4,2.6,0.53,1.5,0.2,1.5,0.23
293923.0781,88596.56604,39642.54695,8442.502556,32089.61542,30490.34227,16187.88165,3835.794545,697.0118717,438,19,27.3,56.6,5.2,24.4,5.6,1.37,5,0.7,4.4,0.88,2.6,0.4,2.5,0.37
351417.5733,69067.21546,12359.14699,3437.304612,10648.89242,22997.58176,30134.3643,1078.817216,309.7830541,139,22,30.6,57.1,5.2,21.8,4.7,0.48,4.5,0.8,4.7,1.01,2.8,0.4,3,0.43
346696.4806,70919.59289,10415.88488,3075.483074,7146.907667,28709.88433,33537.97019,1198.685795,232.3372906,146,11,19.5,36.5,2.9,11.5,2.5,0.4,2.4,0.4,2.3,0.49,1.3,0.2,1.4,0.21
289295.4724,85791.53736,42207.65293,11035.55691,29302.32143,33606.14367,18346.26587,6353.034716,1161.686453,412,31,28.9,61.7,5.8,27.8,6.8,1.59,7,1.1,6.8,1.37,3.9,0.6,3.8,0.57
327438.1619,81822.15716,13991.48716,2170.929229,19082.24347,24703.85395,22580.01953,2037.765852,232.3372906,256,16,25,48.9,4.1,17.8,3.6,0.78,3.5,0.6,3.3,0.7,2,0.3,2,0.3
333982.2508,77376.45134,17722.5504,8020.377428,20011.34147,18472.25115,24323.32987,2337.437301,232.3372906,165,13,18.1,35.3,3.1,14,3.1,0.58,2.9,0.5,2.9,0.63,1.8,0.3,1.9,0.3
317294.8241,77376.45134,16634.32362,964.8574349,28944.97605,30416.15652,16519.94076,1618.225824,464.6745811,231,44,23.2,36.9,3.3,14.4,4,1.35,5.8,1.1,7.3,1.72,5.2,0.8,4.9,0.76
251807.1917,100028.381,61018.43011,22794.7569,61463.40594,21068.75232,3320.591108,4195.400284,1394.023743,378,16,4.8,12,1.4,8.3,2.6,0.83,3,0.6,3.4,0.73,2.2,0.3,2.3,0.35
308086.3562,85315.21174,33424.10821,6090.662558,26014.74391,31603.12848,17682.14765,2337.437301,1394.023743,364,19,27.1,55.6,5.1,23.3,5,1.21,4.4,0.7,4,0.81,2.4,0.4,2.6,0.41
315518.5714,84944.73625,23396.87575,8321.895376,23584.7953,33309.40068,16436.92598,1857.962983,464.6745811,463.8,5.05,7.79,15.6,2.11,8.5,1.72,0.56,1.41,0.18,0.99,0.18,0.5,0.072345303,0.44,0.06
249376.5301,85473.98695,63972.18851,48242.87175,59676.67902,24852.22545,4399.783218,4495.071733,1084.240689,450.69,16.02,6.57,15.4,2.27,10.65,2.72,0.9,2.87,0.46,2.77,0.55,1.53,0.222419856,1.36,0.2
255060.3593,82123.66493,54411.33895,32231.17067,53631.24654,25746.38487,26776.12946,6366.95705,818.894388,1371.681635,21.76154522,62.46460253,125.2163076,15.56859985,59.98679377,10.71406577,2.767432873,7.36566353,0.960243187,3.981678255,0.665136153,1.308524429,0.219267551,1.54176496,0.235574025
255392.2434,81978.55196,53089.92072,33126.75578,53300.31822,25733.81602,27745.15349,6418.454947,817.8624774,1402.236019,21.50678104,63.9226594,125.5210022,15.63568652,60.4203855,10.44374897,2.672807444,7.579528746,0.985828958,4.066005734,0.752893502,1.768006077,0.257439532,1.577038187,0.240963599
313181.3968,80710.73071,29226.66206,7839.466659,23227.44992,29674.29904,32375.7633,3655.991676,464.6745811,451.37,17.99,40.12,79.38,8.95,32.61,5.77,1.09,4.46,0.61,3.19,0.6,1.62,0.243174185,1.54,0.22
261296.1206,90237.24319,55344.10476,29428.15177,45239.92553,29229.18456,13116.33488,5693.757528,774.4576352,779.41,14.31,22.44,46.21,5.73,23.35,4.58,1.33,3.86,0.51,2.72,0.51,1.27,0.183941168,1.12,0.15
267840.2095,87326.36437,59308.35945,32684.54561,50885.98259,26113.38316,6309.123105,4015.597415,929.3491622,436.4153668,13.94838167,6.713269907,14.75080649,2.121845194,9.666335311,2.390178656,0.800123913,2.531131695,0.402438861,2.403660377,0.4728141,1.340169355,0.19583516,1.204447364,0.178204928
268307.6444,86532.48833,58064.67171,28945.72305,48598.97213,24852.22545,7305.300437,3835.794545,1006.794926,318,17.2,6.2,13.5,1.95595161,9.2,2.1,0.75,2.3,0.410396546,2.75,0.629370427,1.9,0.29086743,1.88,0.287254658
303832.6984,87326.36437,36377.86661,9889.788708,34019.28049,31899.87147,9380.66988,3116.583068,464.6745811,442,7,7.5,16,2.195950753,9.7,2.4,0.71,2.8,0.356693426,1.4,0.257740854,0.6,0.080831134,0.45,0.068757764
283265.5619,87326.36437,50213.8928,23337.48921,43453.19861,27745.46961,9048.610769,3596.057386,774.4576352,412,12.8,8.8,18.7,2.633845671,12,2.6,0.77,2.4,0.379111206,2.2,0.448896341,1.2,0.180072205,1.14,0.174186335
280460.9524,88384.86576,45316.8723,25629.02562,42881.446,31158.014,8716.551658,3596.057386,697.0118717,420,13.4,8,16.5,2.284563273,10.2,2.4,0.76,2.8,0.408055215,2.1,0.44633003,1.25,0.19467071,1.28,0.19557764
281395.8222,87855.61507,46327.36859,24000.82869,42166.75523,29229.18456,8799.566436,3596.057386,697.0118717,382,15,9,18,2.611319871,12.3,2.6,0.8,2.7,0.424665758,2.45,0.527827744,1.5,0.223939635,1.41,0.215440994
288874.7809,86267.86299,48581.55263,21528.38152,41809.40985,27448.72662,9380.66988,3236.451648,774.4576352,343,11,6.7,15,2.07964475,9.3,2.2,0.67,2,0.320817604,1.9,0.398541159,1.1,0.169285132,1.1,0.168074534
280460.9524,84415.48556,48659.28312,19960.48818,40022.68293,24407.11096,8467.507325,3596.057386,774.4576352,349,12.2,8.5,20,2.630715247,11,2.6,0.73,2.4,0.379111206,2.2,0.448896341,1.2,0.17470264,1.07,0.163490683
287472.4762,85738.61229,46482.82956,20503.22049,42524.10062,27448.72662,8633.536881,3715.925966,774.4576352,360,12,8.8,19,2.67686001,12.2,2.65,0.77,2.65,0.405455785,2.25,0.454445122,1.2,0.17546972,1.08,0.165018634
289809.6508,83621.60952,48270.6307,21106.25639,42524.10062,27597.09811,9048.610769,3715.925966,774.4576352,352,11.6,8.3,18.5,2.598400663,11.8,2.65,0.76,2.9,0.413456868,2.05,0.4151875,1.1,0.161614325,1,0.152795031
286537.6063,88649.49111,46638.29053,16764.39793,39307.99217,28932.44157,7139.270882,3835.794545,697.0118717,396,9.3,6.8,14.5,2.011338576,9,2.1,0.77,2,0.306142808,1.7,0.325158537,0.8,0.120048137,0.76,0.116124224
289809.6508,87326.36437,45472.33326,15075.89742,38593.3014,28709.88433,8218.462992,3596.057386,619.5661082,386,9.5,7.5,16,2.226410272,10,2.3,0.74,2.3,0.34802866,1.9,0.364416159,0.9,0.130068129,0.79,0.120708075
290978.2381,87855.61507,44228.64552,12965.27178,37020.98171,29525.92755,8550.522103,3596.057386,619.5661082,396,9.5,7.5,16,2.195950753,9.7,2.2,0.8,2.5,0.351494566,1.7,0.342221037,0.9,0.124698564,0.72,0.110012422
289809.6508,87432.21451,44772.75891,11638.59281,38021.54879,28561.51283,8467.507325,3596.057386,619.5661082,390,9.6,7.8,17,2.393482139,10.9,2.3,0.75,2.5,0.366169363,1.9,0.364416159,0.9,0.123164402,0.7,0.106956522
285135.3016,89125.81673,42207.65293,11035.55691,36377.76002,27226.16937,7222.28566,3835.794545,464.6745811,415,8,8.3,17.3,2.426343306,11,2.8,0.8,2.4,0.331418117,1.55,0.291449695,0.7,0.09545361,0.54,0.082509317
288874.7809,87326.36437,42440.84438,11578.28922,37163.91987,27893.8411,8550.522103,3536.123096,619.5661082,392,10.2,7.8,16,2.277176136,10.5,2.6,0.73,2.5,0.362500664,1.85,0.341804878,0.8,0.116979814,0.72,0.110012422
289809.6508,87061.73903,43218.14922,11337.07486,36735.10541,28338.95559,8716.551658,3596.057386,542.1203446,408,9,8.8,17.5,2.441481968,11,2.6,0.77,2.5,0.351494566,1.7,0.308096037,0.7,0.103124418,0.64,0.09778882
288874.7809,85738.61229,44073.18455,11276.77127,36449.2291,28190.58409,8716.551658,3715.925966,542.1203446,404,8.8,8.6,16,2.307635655,10.8,2.4,0.73,2.35,0.33422034,1.65,0.302547256,0.7,0.101590256,0.62,0.094732919
295886.3047,88384.86576,42518.57486,10854.64614,36592.16725,30787.08526,8301.47777,4015.597415,542.1203446,455,8,9,20,2.71194063,11.8,2.9,0.88,3.2,0.40764963,1.6,0.314060976,0.8,0.098569876,0.48,0.073341615
291211.9555,86267.86299,42129.92244,12121.02153,36949.51264,27968.02685,8384.492547,3536.123096,619.5661082,385,10,7.8,16,2.267022963,10.4,2.5,0.74,2.4,0.353430312,1.85,0.341804878,0.8,0.116212733,0.71,0.108484472
291211.9555,88014.39027,42440.84438,9648.574349,34519.56403,29006.62732,7637.359548,3715.925966,542.1203446,390,9.8,8.8,17.5,2.492247832,11.5,2.9,0.8,2.55,0.36703584,1.85,0.333273628,0.75,0.106983793,0.64,0.09778882
292146.8254,87855.61507,41974.46148,9286.752811,34305.1568,28932.44157,7803.389104,3655.991676,542.1203446,390,9.6,8.9,18,2.519941315,11.4,2.7,0.8,2.55,0.363367141,1.8,0.319193598,0.7,0.101590256,0.62,0.094732919
292614.2603,87061.73903,39487.08598,9648.574349,35019.84757,30564.52802,8633.536881,3715.925966,542.1203446,454,7.1,9.4,20.7,2.866457677,12.8,2.85,0.82,2.15,0.312410937,1.6,0.279935976,0.6,0.080831134,0.45,0.068757764
298223.4793,90237.24319,37777.01533,10251.61025,34662.50218,31454.75699,9131.625547,3176.517358,464.6745811,450,6.8,7.5,15.5,2.16825727,9.8,2.3,0.71,2.6,0.331215325,1.3,0.246643293,0.6,0.078529891,0.42,0.064173913
298223.4793,89972.61784,37466.09339,10070.69948,34733.97126,31528.94273,9131.625547,3176.517358,464.6745811,450,7.3,7.5,16,2.155338062,9.3,2.1,0.72,2.1,0.278526167,1.2,0.244076982,0.65,0.082389266,0.42,0.064173913
299158.3492,84680.11091,40575.31276,10734.03896,35734.53833,30935.45675,8799.566436,3596.057386,542.1203446,404,8.2,8.2,18.4,2.560371813,11.5,2.6,0.82,2,0.298805409,1.6,0.279935976,0.6,0.086200699,0.52,0.079453416
285462.506,84785.96105,42984.95777,25508.41844,41023.25001,31232.19974,13116.33488,4375.203153,619.5661082,562.84,9.84,13.53,28.29,3.680584791,15.16,2.88,0.98,2.54,0.363193845,1.81,0.270822104,0.41,0.091479173,0.78,0.119180124
255453.1841,84574.26077,53634.03411,41971.29842,56174.69426,29896.85629,12037.14277,5513.954659,929.3491622,930.73,13.51,20.97,43.17,5.545036935,22.43,4.55,1.22,3.67,0.51191443,2.44,0.443111738,1.01,0.156968692,1.03,0.157378882
284667.8666,85950.31257,43606.80164,24724.47177,41809.40985,30712.89951,12618.24621,4375.203153,697.0118717,642.81,12.12,14.31,29.28,3.809332986,15.69,3.42,0.98,2.99,0.39593929,1.7,0.376346037,1.1,0.143971467,0.77,0.117652174
257089.2063,82827.73348,54722.26089,45529.21021,53959.15289,26335.9404,9131.625547,4854.677471,929.3491622,643,13.7,12.5,26,3.531614723,15.4,3.3,1.02,3.2,0.473686216,2.5,0.507782774,1.35,0.203156541,1.29,0.19710559
258024.0762,83356.98418,53711.76459,41730.08406,51457.7352,27077.79788,9961.773324,4854.677471,929.3491622,650,13.5,13.4,27.5,3.706073727,16,3.5,1.05,3.3,0.479087868,2.45,0.485171494,1.25,0.187766984,1.19,0.181826087
268307.6444,88384.86576,51068.92813,25930.54356,47884.28137,30045.22778,12452.21665,5513.954659,774.4576352,820,12.6,19.7,39,5.134971318,21.5,4.25,1.24,3.7,0.515369275,2.45,0.459577744,1.1,0.156244759,0.93,0.142099379
271112.2539,85209.3616,52468.07684,29247.241,49671.00828,29377.55605,10874.93588,5214.28321,774.4576352,630,11.8,14,31,3.971000318,16,3.8,1.03,3.35,0.461610849,2.15,0.426285061,1.1,0.153943517,0.9,0.137515528
272047.1238,86267.86299,53167.6512,28945.72305,47884.28137,30119.41353,11206.99499,5214.28321,774.4576352,640,11.7,14.7,31,4.021766182,16.5,3.75,1.06,3.35,0.472616947,2.3,0.425868902,1,0.147758929,0.92,0.140571429
272981.9936,86797.11368,52778.99878,28704.50869,46812.24522,30267.78503,11290.00977,5214.28321,774.4576352,640,10.9,14,28,3.794686247,16.5,3.5,1.05,3,0.433533317,2.2,0.414771341,1,0.144690606,0.88,0.134459627
272514.5587,86797.11368,48970.20505,28101.47279,47312.52875,29971.04203,11788.09843,4914.611761,774.4576352,655,12.6,15,30,3.895307006,16,3.7,1.03,3.15,0.454476243,2.3,0.442931402,1.1,0.166216809,1.06,0.161962733
273449.4286,87061.73903,49358.85748,28222.07997,46812.24522,30341.97077,11871.11321,4974.546051,774.4576352,653,12.5,13.8,27,3.41439775,13.5,3.65,1,3.05,0.44907459,2.35,0.448480183,1.1,0.166216809,1.06,0.161962733
275786.6032,85209.3616,48503.82215,30513.61638,45740.20907,30787.08526,10293.83243,4734.808892,774.4576352,570,11.5,12.7,26,3.338704438,13.5,3.4,0.98,3,0.426195919,2.1,0.42073628,1.1,0.157778921,0.95,0.14515528
278824.9301,86532.48833,48270.6307,23819.91792,42166.75523,30787.08526,12784.27577,4914.611761,697.0118717,650,10.6,15.3,32,4.188838049,17.4,3.6,1.06,3.2,0.451674021,2.2,0.397708841,0.9,0.13083521,0.8,0.122236025
280460.9524,84680.11091,47104.67343,27498.4369,42881.446,31158.014,11290.00977,4914.611761,697.0118717,590,10.8,14.5,29.5,3.806694486,15.5,3.5,1,3.1,0.43526627,2.1,0.40367378,1,0.143156444,0.86,0.131403727
280460.9524,85209.3616,47104.67343,26835.09741,41952.348,31528.94273,11456.03932,4914.611761,697.0118717,592,10.8,13.7,30,3.895307006,16,3.6,0.98,2.9,0.417125567,2.1,0.40367378,1,0.143156444,0.86,0.131403727
281395.8222,85738.61229,46871.48198,26835.09741,41880.87893,31158.014,11373.02454,4974.546051,697.0118717,600,10.6,15,30,3.996838735,17,3.65,1.02,3.6,0.484286728,2.15,0.409222561,1,0.141622283,0.84,0.128347826
282798.127,84680.11091,43529.07116,23880.22151,40094.15201,32048.24297,12535.23143,4315.268864,697.0118717,635,10.3,15,30,4.017145081,17.2,3.5,1.01,3.25,0.434197001,1.9,0.364416159,0.9,0.132369371,0.82,0.125291925
283265.5619,84680.11091,43606.80164,23518.39998,40022.68293,31677.31423,12452.21665,4375.203153,697.0118717,632,10.2,14.5,30,3.94607287,16.5,3.35,0.99,3.1,0.427928872,2,0.37551372,0.9,0.133136452,0.83,0.126819876
285135.3016,84680.11091,43373.61019,25025.98972,41094.71908,30564.52802,12369.20188,4375.203153,697.0118717,590,11,14.7,30.5,3.963613181,16.3,3.4,0.98,3.1,0.431597571,2.05,0.3810625,0.9,0.135437694,0.86,0.131403727
282798.127,84150.86021,43218.14922,23458.09639,39665.33755,31603.12848,12701.26099,4315.268864,697.0118717,625,10.4,14.3,29,3.870379559,16.5,3.35,0.99,3.2,0.436999224,2,0.37551372,0.9,0.132369371,0.82,0.125291925
283265.5619,84415.48556,43373.61019,23819.91792,40022.68293,30416.15652,12618.24621,4315.268864,619.5661082,630,10.5,14.8,30,3.966379216,16.7,3.45,0.99,3,0.41885852,2,0.37551372,0.9,0.132369371,0.82,0.125291925
278684.6997,92724.72144,45005.95036,21166.55998,43667.60584,32715.9147,10874.93588,4555.006023,774.4576352,692.38,11.41,13.06,26.87,3.609651711,15.52,3.46,1.02,2.87,0.411469502,2.06,0.283209756,0.32,0.099106832,0.97,0.14821118
255733.6451,84997.66132,57209.63638,34795.17125,64893.92162,26781.05489,11954.12799,4555.006023,929.3491622,1145,16.9,32,60,7.587550555,30,6.05,1.48,4.3,0.617484475,3.1,0.63408689,1.7,0.257019992,1.64,0.250583851
286070.1714,92089.62061,41974.46148,17488.04101,40022.68293,33457.77217,11871.11321,4495.071733,697.0118717,661.13,13.31,14.93,31.88,4.13,17.21,3.57,1.04,3.06,0.43,2.36,0.45,1.22,0.17701347,1.08,0.15
285135.3016,83356.98418,47182.40392,26232.06151,42881.446,28932.44157,8882.581214,3356.320227,851.9033987,378.47,14.38,8.01,16.38,2.25,9.64,2.3,0.69,2.34,0.37,2.32,0.5,1.42,0.213162151,1.35,0.21
301962.9587,88384.86576,30548.0803,10372.21743,29588.19774,31825.68572,18346.26587,3236.451648,542.1203446,554,9.5,20.5,39,4.830376132,18.5,4.165428251,0.89,2.582583142,0.366322546,1.8,0.370381098,1,0.135485637,0.76,0.116124224
296821.1746,87855.61507,35289.63983,12181.32512,32161.0845,31528.94273,17516.11809,3596.057386,619.5661082,555,10.5,19.7,38.5,4.792529476,18.5,4.204859867,0.92,2.720687784,0.397192619,2.05,0.4151875,1.1,0.148573952,0.83,0.126819876
299859.5016,85738.61229,32802.26434,10794.34255,29302.32143,31306.38549,18927.36932,3416.254517,542.1203446,550,9.8,21.2,40,5.007601172,19.5,4.353641596,0.91,2.65667639,0.380380463,1.9,0.364416159,0.9,0.128533967,0.77,0.117652174
288874.7809,87855.61507,38476.58969,15377.41537,35591.60018,30045.22778,16187.88165,3715.925966,619.5661082,585,10.7,18.7,35,4.476837021,18,4.110753194,0.91,2.68364116,0.390163661,2,0.38404497,0.95,0.141598311,0.89,0.135987578
300560.6539,85738.61229,31014.4632,10311.91384,29659.66682,29896.85629,18429.28065,3296.385937,542.1203446,542,9.4,21.1,40,4.906069444,18.5,4.165428251,0.89,2.582583142,0.366322546,1.8,0.353318598,0.9,0.125465644,0.73,0.111540373
281863.2571,91031.11923,44073.18455,16885.00511,41452.06447,29006.62732,13531.40876,4195.400284,774.4576352,565,12.4,16.5,31.5,4.161144566,17.5,4.082365881,0.95,2.831827656,0.418279494,2.2,0.448896341,1.2,0.173168478,1.05,0.160434783
292146.8254,91031.11923,40186.66034,12965.27178,35734.53833,31158.014,14776.63043,3955.663125,697.0118717,585,12,18.7,36,4.75559379,20,4.552899246,1,2.963131237,0.43385789,2.25,0.437382622,1.1,0.157778921,0.95,0.14515528
296353.7397,87326.36437,38709.78114,13930.12922,34448.09495,32790.10044,16851.99987,4075.531704,619.5661082,644,10.2,20,42,5.057456067,18.5,3.9,1.02,2.9,0.40245077,1.9,0.364416159,0.9,0.129301048,0.78,0.119180124
303832.6984,86267.86299,30470.34981,10070.69948,28802.0379,31158.014,18263.25109,3236.451648,542.1203446,545,9.5,20.5,37,4.628223645,18,4.071321578,0.88,2.559018903,0.364185187,1.8,0.353318598,0.9,0.126999806,0.75,0.114596273
301495.5238,86267.86299,36377.86661,12543.14665,35377.19295,30712.89951,16104.86687,3715.925966,619.5661082,562,10.4,18,34.5,4.357764983,17.2,3.45,0.99,2.75,0.385176543,1.85,0.358867378,0.9,0.13160229,0.81,0.123763975
293549.1301,89549.21729,38632.05065,13688.91486,36878.04356,31677.31423,14942.65999,3835.794545,619.5661082,565,10.8,16.5,33,4.071621077,15.5,3.2,0.96,2.55,0.378041937,2,0.39257622,1,0.151594332,0.97,0.14821118
294484,89443.36715,38865.24211,13930.12922,36377.76002,31603.12848,15025.67476,3835.794545,619.5661082,558,10.8,16.5,29,3.718081966,15,3.15,0.89,2.7,0.384310067,1.9,0.381478659,1,0.150060171,0.95,0.14515528
301028.0889,86003.23764,32879.99482,10673.73537,28873.50697,33383.58642,19591.48754,3356.320227,542.1203446,550,10,21,39,4.779610268,18,3.7,0.85,2.7,0.391647465,2,0.37551372,0.9,0.129301048,0.78,0.119180124
295418.8698,87855.61507,37388.36291,16643.79075,36163.35279,29674.29904,16436.92598,3476.188807,619.5661082,540,9.9,18,35,4.426071157,17.5,3.990358777,0.88,2.585983672,0.373968385,1.9,0.381478659,1,0.140088121,0.82,0.125291925
293081.6952,88384.86576,38942.97259,16643.79075,36735.10541,30564.52802,15191.70432,3655.991676,619.5661082,540,9.9,15.7,29.5,3.806694486,15.5,3.640219829,0.86,2.53346224,0.367737026,1.88,0.370727896,0.95,0.136995827,0.83,0.126819876
273916.8635,87855.61507,49436.58796,23699.31075,47955.75044,31751.49998,10957.95066,3236.451648,929.3491622,615,19,22.5,47,6.806600962,32,6.9,1.5,5.7,0.803168587,3.9,0.722867378,1.7,0.236308812,1.37,0.209329193
305702.4381,83621.60952,33812.76063,12181.32512,31589.33189,30638.71376,18429.28065,3356.320227,542.1203446,539,8.9,21,39.5,4.817456923,18,3.35,0.9,2.4,0.338755515,1.65,0.319609756,0.8,0.115445652,0.7,0.106956522
278591.2127,94735.87408,48503.82215,15317.11178,41452.06447,31158.014,12120.15754,4555.006023,851.9033987,635,13.7,16.5,33,4.376216263,18.5,4.441449565,1.1,3.279667937,0.484581077,2.55,0.496269055,1.25,0.179329095,1.08,0.165018634
307572.1778,85209.3616,31947.22901,10251.61025,29302.32143,32641.72895,18844.35454,3236.451648,542.1203446,535,10,21,40,4.845150406,17.9,3.6,0.93,2.4,0.349761613,1.8,0.353318598,0.9,0.126232725,0.74,0.113068323
309441.9174,83886.23487,31092.19369,10432.52102,31303.45558,31158.014,17931.19198,3056.648778,542.1203446,530,9.8,21.5,38,4.703916956,18,3.5,0.91,2.7,0.384310067,1.9,0.364416159,0.9,0.126232725,0.74,0.113068323
295886.3047,88384.86576,40264.39082,13025.57537,37306.85802,31751.49998,14859.64521,4075.531704,619.5661082,560,11.6,19,38,4.653151092,17.5,3.7,1.03,2.6,0.400920609,2.25,0.420320122,1,0.146224767,0.9,0.137515528
293549.1301,88384.86576,40186.66034,12904.96819,37163.91987,31528.94273,14776.63043,3895.728835,697.0118717,580,12,19,35,4.426071157,17.5,3.75,1.03,2.9,0.428131664,2.25,0.437382622,1.1,0.158546002,0.96,0.14668323
297756.0444,83621.60952,35522.83129,15136.20101,35377.19295,27819.65535,17433.10332,3236.451648,697.0118717,507,10.5,20.5,40,4.794384542,17.4,3.1,0.95,2.7,0.387978766,1.95,0.378496189,0.95,0.141598311,0.89,0.135987578
293081.6952,87061.73903,35833.75322,13146.18255,30445.82666,29674.29904,20172.59098,3715.925966,542.1203446,564,8.9,23.2,43.5,5.292834109,19.7,4.399170589,0.92,2.631704044,0.364908066,1.72,0.352971799,0.95,0.127790858,0.71,0.108484472
296821.1746,85209.3616,38087.93726,16945.3087,37521.26525,30341.97077,16519.94076,3476.188807,697.0118717,532,10.5,18,32,3.995927765,15.5,3.15,0.88,2.7,0.384310067,1.9,0.372947409,0.95,0.143132473,0.91,0.139043478
305235.0032,84415.48556,34045.95209,13869.82563,32875.77527,30490.34227,18844.35454,3596.057386,542.1203446,562,9,24.5,46,5.593752289,20.8,3.65,0.97,2.75,0.385176543,1.85,0.341804878,0.8,0.119281056,0.75,0.114596273
300093.219,83409.90924,35211.90935,13869.82563,33804.87326,30267.78503,17931.19198,3835.794545,542.1203446,605,8.8,24.5,46,5.512526906,20,3.7,1,2.8,0.375036922,1.65,0.319609756,0.8,0.107774845,0.6,0.091677019
299158.3492,83621.60952,39176.16404,13749.21845,34662.50218,29229.18456,18678.32498,4015.597415,464.6745811,568,10,24.5,47,5.791283675,22,4,1.01,3,0.407852423,1.85,0.350336128,0.85,0.123140431,0.75,0.114596273
308507.0476,84415.48556,29226.66206,11457.68204,29230.85236,32790.10044,20504.65009,2517.24017,464.6745811,555,7,23,43,5.133149378,18.5,3.4,0.9,2.4,0.31674332,1.35,0.252192073,0.6,0.084666537,0.5,0.076397516
287005.0413,88914.11645,43062.68825,15015.59383,36949.51264,30712.89951,16270.89643,4195.400284,619.5661082,575,9.7,19.7,40,5.007601172,19.5,4.485080318,1.01,2.919283552,0.411537254,2,0.38404497,0.95,0.12012005,0.61,0.093204969
285602.7365,87008.81396,42829.4968,20985.64921,40022.68293,28932.44157,15191.70432,3715.925966,697.0118717,518,10.5,16,32,4.046693629,16,3.734326502,0.87,2.573205341,0.375744304,1.94,0.385917683,1,0.143156444,0.86,0.131403727
289809.6508,88914.11645,39798.00792,14533.16511,36091.88372,31083.82825,16602.95554,3955.663125,619.5661082,575,8.8,19.4,38,4.75468282,18.5,4.231147611,0.94,2.721976154,0.384835901,1.88,0.362196646,0.9,0.116260675,0.61,0.093204969
292146.8254,88384.86576,39020.70307,15618.62973,35377.19295,30861.27101,17931.19198,3895.728835,619.5661082,570,10.5,21.2,42.5,5.146068587,19,4.3646859,0.98,2.853983788,0.407081816,2.02,0.411858232,1.1,0.14627271,0.8,0.122236025
289809.6508,87855.61507,40186.66034,16281.96921,35377.19295,30935.45675,17516.11809,3955.663125,619.5661082,570,10.6,21.1,40,4.956835308,19,4.3646859,0.98,2.87016265,0.412951735,2.08,0.409985518,1.05,0.140879173,0.78,0.119180124
291913.1079,87326.36437,39487.08598,16221.66562,35448.66203,30787.08526,17765.16243,3895.728835,619.5661082,565,10.7,21.4,41,5.083294484,19.5,4.471936446,1,2.90650522,0.413313174,2.04,0.405546494,1.05,0.141646254,0.79,0.120708075
301962.9587,85738.61229,37077.44097,13568.30768,32875.77527,30787.08526,17765.16243,3655.991676,619.5661082,545,9.5,22,41,5.002069101,18.7,3.85,1,2.7,0.387978766,1.95,0.352902439,0.8,0.113911491,0.68,0.103900621
310844.2222,85473.98695,29382.12303,9829.485118,26229.15114,31751.49998,21251.78309,3236.451648,464.6745811,560,7.9,23.5,44,5.411906147,20.5,4.515567198,0.91,2.591960943,0.356900788,1.66,0.303657012,0.7,0.096987772,0.56,0.085565217
288407.346,86479.56326,40031.19937,17186.52306,35019.84757,29674.29904,18595.3102,4195.400284,619.5661082,605,10.7,22.8,44,5.513437876,21.5,4.835219265,1.03,2.9933768,0.425595171,2.1,0.41220503,1.05,0.146248738,0.85,0.129875776
288407.346,86267.86299,41974.46148,21106.25639,37020.98171,29674.29904,17184.05898,4075.531704,697.0118717,570,10.8,21.2,39,5.033439589,20.5,4.594430431,0.97,2.862777272,0.416684294,2.14,0.416644055,1.05,0.152385384,0.93,0.142099379
313181.3968,82033.85744,29226.66206,9829.485118,27444.12544,30861.27101,19674.50231,3116.583068,464.6745811,540,7,23.5,43,5.133149378,18.5,3.1,0.94,2.75,0.338950934,1.22,0.229233994,0.55,0.073903436,0.41,0.062645963
288874.7809,87008.81396,42674.03583,17246.82665,37521.26525,29822.67054,16602.95554,4375.203153,619.5661082,610,9.4,22,42.5,5.247600316,20,3.7,1.04,2.65,0.370236273,1.77,0.349989329,0.9,0.13160229,0.81,0.123763975
292146.8254,85103.51146,40886.2347,18995.63075,38593.3014,28561.51283,16768.98509,3775.860256,774.4576352,502,10.8,20.5,40,4.855303579,18,3.45,0.95,2.7,0.391647465,2,0.39257622,1,0.143156444,0.86,0.131403727
306169.873,86267.86299,31169.92417,10492.8246,28158.81621,30564.52802,19923.54665,3056.648778,542.1203446,500,8.4,22,41.5,5.039915757,18.7,4.171525627,0.87,2.497703986,0.34835135,1.66,0.329250762,0.85,0.114702543,0.64,0.09778882
313181.3968,83621.60952,29848.50594,9226.449221,26800.90375,30193.59928,19923.54665,2936.780199,464.6745811,490,8.7,23,42,5.057456067,18.5,3.4,0.9,2.2,0.331620909,1.8,0.336256098,0.8,0.117746894,0.73,0.111540373
294484,83886.23487,38865.24211,19598.66665,36377.76002,30119.41353,16519.94076,3655.991676,619.5661082,520,10,18,36,4.552530333,18,3.4,0.94,2.55,0.370704539,1.9,0.364416159,0.9,0.13160229,0.81,0.123763975
284200.4317,86267.86299,42984.95777,20804.73844,40380.02832,28635.69858,16270.89643,4315.268864,697.0118717,560,9.5,19.5,39,4.678078539,17,3.3,1,2.6,0.360564918,1.7,0.325158537,0.8,0.120048137,0.76,0.116124224
286537.6063,85738.61229,41585.80905,22312.32818,42524.10062,29303.37031,16104.86687,4255.334574,697.0118717,675,11.1,25,52.5,6.258362753,22.5,4.35,1.16,3,0.41885852,2,0.39257622,1,0.141622283,0.84,0.128347826
292146.8254,84944.73625,38787.51162,19236.84511,36449.2291,30045.22778,16519.94076,3955.663125,619.5661082,563,10.2,20.8,40,5.027907518,19.7,3.7,0.99,3,0.411521122,1.9,0.390009909,1.05,0.142413335,0.8,0.122236025
294951.4349,87061.73903,36688.78855,14834.68306,32304.02265,30638.71376,19757.51709,3895.728835,619.5661082,585,9.9,22.8,46,5.614058635,21,4.72796872,1.01,2.911194121,0.408602295,1.97,0.397778201,1.05,0.143180415,0.81,0.123763975
291679.3905,87061.73903,40575.31276,16040.75486,35019.84757,30712.89951,18097.22154,4495.071733,619.5661082,630,10,23.5,46,5.664824499,21.5,3.9,1.1,3,0.41885852,2,0.37551372,0.9,0.13160229,0.81,0.123763975
292146.8254,86003.23764,41430.34809,16583.48716,35305.72387,29822.67054,17765.16243,4555.006023,619.5661082,595,10.2,24,43.5,5.577122949,22.5,4.3,1.1,3.05,0.420458737,1.96,0.396668445,1.05,0.138577931,0.75,0.114596273
304767.5682,85209.3616,27982.97432,9045.538452,26229.15114,30416.15652,19757.51709,2756.977329,542.1203446,500,9,22,41,4.981762755,18.5,4.073421146,0.82,2.387972221,0.340599513,1.69,0.34111128,0.9,0.126232725,0.74,0.113068323
292146.8254,86532.48833,39098.43356,16281.96921,33947.81142,30193.59928,18678.32498,4075.531704,619.5661082,595,10,22.5,43,5.285446971,20,4.526611502,0.98,2.818929587,0.394363659,1.89,0.371837652,0.95,0.133927504,0.79,0.120708075
292146.8254,88120.24041,38243.39823,16040.75486,34090.74957,30861.27101,18014.20676,4075.531704,619.5661082,600,9.4,21,40.5,5.045447828,19.5,4.485080318,1.01,2.90310469,0.405667336,1.94,0.360323933,0.85,0.119305027,0.7,0.106956522
302430.3936,83092.35883,33424.10821,11698.8964,29874.07405,31528.94273,18678.32498,3476.188807,542.1203446,541,8.9,19,39,4.678078539,17,3.7,0.92,3,0.396846325,1.7,0.325158537,0.8,0.111610248,0.65,0.09931677
297288.6095,87855.61507,35678.29225,12362.23588,29302.32143,33383.58642,18678.32498,3655.991676,542.1203446,550,8.9,19,41,4.930996891,18,3.5,0.93,2.6,0.364233617,1.75,0.330707317,0.8,0.111610248,0.65,0.09931677
296821.1746,88120.24041,37388.36291,14472.86152,33590.46603,33012.65769,17599.13287,3895.728835,542.1203446,606,9.2,20.5,39,4.475015082,15,3.6,0.95,3.1,0.409585376,1.75,0.330707317,0.8,0.110843168,0.64,0.09778882
300560.6539,87061.73903,37232.90194,13749.21845,33947.81142,32641.72895,17184.05898,3895.728835,542.1203446,590,9.2,20,41,4.981762755,18.5,3.7,1,2.8,0.38604302,1.8,0.336256098,0.8,0.112377329,0.66,0.10084472
306637.3079,84680.11091,32724.53385,13508.00409,30302.88851,31158.014,19923.54665,3356.320227,542.1203446,560,8.8,24,47,5.486688489,19,3.6,0.91,2.8,0.382374321,1.75,0.330707317,0.8,0.115445652,0.7,0.106956522
301962.9587,86267.86299,35367.37032,14593.4687,31803.73912,31899.87147,19259.42843,3655.991676,542.1203446,580,8.6,22,42,5.006690202,18,3.7,0.94,2.4,0.342424215,1.7,0.325158537,0.8,0.115445652,0.7,0.106956522
296353.7397,87326.36437,38476.58969,15678.93332,36091.88372,31603.12848,16187.88165,3835.794545,619.5661082,574,9.8,18.5,35,4.273773564,16,3.45,0.93,2.8,0.393380418,1.9,0.364416159,0.9,0.126999806,0.75,0.114596273
308507.0476,81875.08223,24485.10253,8201.288197,23584.7953,30638.71376,20836.7092,2876.845909,542.1203446,476,13.2,25,47,5.689751946,21,4,1.01,3.2,0.45534272,2.25,0.454445122,1.2,0.170867236,1.02,0.155850932
312246.527,84150.86021,27594.3219,7839.466659,24656.83145,33383.58642,22081.93087,3056.648778,542.1203446,496,10.7,27,50,5.967597745,21.5,3.7,0.92,2.8,0.400717817,2,0.39257622,1,0.147758929,0.92,0.140571429
320192.9206,80869.50592,26739.28657,7899.770248,25014.17683,31306.38549,20753.69442,2876.845909,542.1203446,457,11,26,49,5.790372705,20.5,3.6,0.9,2.7,0.388712506,1.96,0.388137195,1,0.14929309,0.94,0.143627329
313181.3968,84680.11091,27283.39996,7477.645121,24013.60976,31603.12848,21251.78309,2936.780199,464.6745811,452,13,30,51,6.144822786,22.5,4.1,0.95,2.75,0.410857438,2.2,0.431833841,1.1,0.16698389,1.07,0.163490683
292380.5428,86003.23764,36688.78855,15075.89742,32161.0845,28784.07007,20255.60576,4135.465994,464.6745811,620,11,28.3,55,6.701425354,25,5.45453436,1.07,3.095723187,0.437079568,2.13,0.415534299,1.05,0.145481658,0.84,0.128347826
307572.1778,89707.99249,22852.76236,5246.412302,22655.6973,28190.58409,21500.82742,3715.925966,77.44576352,530,8.3,23,41,4.930996891,18,3.5,1.08,2.45,0.339621992,1.6,0.296998476,0.7,0.101590256,0.62,0.094732919
299158.3492,89866.7677,28760.27916,5427.323071,22512.75915,27671.28386,21334.79787,3775.860256,154.891527,496,7.6,21,39,4.931907861,19.5,4.1,1.13,2.8,0.378705622,1.7,0.308096037,0.7,0.101590256,0.62,0.094732919
296821.1746,86532.48833,26972.47802,12060.71794,28301.75436,26113.38316,21666.85698,3955.663125,387.2288176,576,10,30.5,58.5,7.321712995,28.5,5.3,1.17,3.45,0.459675103,2,0.35845122,0.8,0.116212733,0.71,0.108484472
296353.7397,87538.06465,30159.42787,12422.53947,29731.13589,29006.62732,19923.54665,4195.400284,542.1203446,592,11.3,34.5,67,8.421998922,33,5.9,1.27,3.7,0.500694478,2.25,0.420320122,1,0.145457686,0.89,0.135987578
303832.6984,82351.40786,27672.05238,12121.02153,27872.9399,27374.54087,21749.87176,3416.254517,464.6745811,520,9.3,25,44,5.361140283,20,4.1,0.91,2.65,0.368768793,1.75,0.330707317,0.8,0.121582298,0.78,0.119180124
296821.1746,88649.49111,36533.32758,14111.03999,33590.46603,31232.19974,18512.29543,3596.057386,697.0118717,530,14,29,48,6.070040444,24,4.5,1.08,3.3,0.497431364,2.7,0.504384146,1.2,0.180839286,1.15,0.175714286
306637.3079,86267.86299,29382.12303,7839.466659,20654.56316,29303.37031,22995.09342,3416.254517,542.1203446,432,16.3,29.3,51,6.449417972,25.5,5.574928777,1.1,3.3659552,0.51588731,2.87,0.5744375,1.5,0.226240877,1.44,0.220024845
313181.3968,83092.35883,29459.85352,9045.538452,25228.58406,30564.52802,22164.94565,3536.123096,619.5661082,464,16.9,29.5,56,6.777118665,25,4.2,1.11,3.4,0.506501716,2.7,0.538509146,1.4,0.214686724,1.39,0.212385093
300560.6539,83886.23487,33735.03015,14653.77229,31089.04835,27671.28386,20172.59098,3596.057386,697.0118717,558,16.8,26.5,48.5,6.1078871,24,4.9,1.15,3.75,0.556591443,2.95,0.600378049,1.6,0.233959627,1.44,0.220024845
301495.5238,84150.86021,35989.21419,12724.05742,30374.35758,28042.2126,24572.3742,4075.531704,464.6745811,446,19.8,32,60,7.384487098,28,5.6,1.14,4.55,0.673178647,3.55,0.666963415,1.6,0.240096273,1.52,0.232248447
300560.6539,85738.61229,30548.0803,13206.48614,30302.88851,29080.81306,19259.42843,3655.991676,697.0118717,578,17.8,25.5,50,6.119895338,23,4.65,1.16,3.5,0.555927759,3.25,0.633670732,1.6,0.244698758,1.58,0.241416149
279292.3651,86638.33847,46949.21246,21347.47075,42166.75523,28561.51283,16104.86687,5274.2175,697.0118717,564,19,23,48,5.968508715,23,5,1.22,4.2,0.62308892,3.3,0.639219512,1.6,0.234726708,1.45,0.221552795
278123.7778,86797.11368,44772.75891,21106.25639,43238.79138,27448.72662,17433.10332,5154.34892,697.0118717,565,18,23.5,45,5.792194645,23.5,4.9,1.17,4.25,0.623955397,3.25,0.633670732,1.6,0.234726708,1.45,0.221552795
274851.7333,87326.36437,46871.48198,22915.36408,42881.446,25965.01166,16685.97032,5334.15179,697.0118717,567,17.5,23,45,5.792194645,23.5,4.9,1.21,4.25,0.620286698,3.2,0.628121951,1.6,0.232425466,1.42,0.216968944
279526.0825,94206.62339,42984.95777,14834.68306,37092.45079,28784.07007,19674.50231,4914.611761,542.1203446,534,22,36.5,59,8.121047615,36,7.4,1.66,5.1,0.781764769,4.35,0.823993902,2,0.292449534,1.8,0.275031056
277656.3428,91507.44485,49281.12699,16704.09434,37878.61063,28784.07007,15689.79298,5214.28321,619.5661082,505,17,22,37,5.135882288,23,4.5,1.25,4.05,0.605814693,3.25,0.616608232,1.5,0.217802989,1.33,0.203217391
280460.9524,90501.86853,48270.6307,18091.0769,41452.06447,28190.58409,15523.76343,5034.480341,697.0118717,610,19,30.3,41,6.352441092,32,6.25,1.48,4.9,0.701256179,3.5,0.729664634,2,0.270204193,1.51,0.230720497
274851.7333,90766.49388,51768.50249,20141.39895,44882.58015,26558.49764,14361.55654,5154.34892,774.4576352,656,21,29,48,6.425401494,27.5,5.4,1.43,4.5,0.67598087,3.65,0.703654726,1.75,0.259345206,1.62,0.24752795
266437.9047,93677.37269,51302.11958,21347.47075,49599.53921,27671.28386,12120.15754,5513.954659,851.9033987,606,17.5,19.4,37,4.932818831,21,4.5,1.25,3.9,0.581203068,3.1,0.63408689,1.7,0.243212539,1.46,0.223080745
271112.2539,89443.36715,49980.70135,25025.98972,45382.86368,26261.75465,15606.77821,5394.086079,697.0118717,574,17.2,23,45,5.842960509,24,4.9,1.32,4,0.601279518,3.25,0.633670732,1.6,0.227822981,1.36,0.207801242
268307.6444,96852.87685,51068.92813,19900.1846,48598.97213,27300.35512,11622.06888,5034.480341,774.4576352,568,21.5,20.5,31,4.326361368,19.5,4.6,1.23,3.95,0.644437431,3.9,0.774054878,2,0.307791149,2,0.305590062
280460.9524,88914.11645,47337.86489,20262.00613,38593.3014,26335.9404,17184.05898,5034.480341,619.5661082,552,16.8,28.5,50,6.322958796,25,5.3,1.25,3.9,0.588540467,3.2,0.628121951,1.6,0.232425466,1.42,0.216968944
269709.9492,91560.36992,48270.6307,22312.32818,47884.28137,27448.72662,14610.60087,5274.2175,774.4576352,645,15.6,18,35,4.517449713,18.4,4.1,1.14,3.45,0.533049087,3,0.563270579,1.35,0.207759026,1.35,0.206273292
292614.2603,88914.11645,40730.77373,9045.538452,31446.39373,33383.58642,19093.39887,5513.954659,697.0118717,505,27,28.5,56,7.335543173,30.5,6.7,1.7,5.85,0.908491594,5.15,1.01514939,2.6,0.392457686,2.5,0.381987578
285135.3016,96852.87685,38010.20678,10191.30666,36949.51264,32344.98596,17682.14765,5094.414631,464.6745811,614,20,29,45,6.249087424,28,6.2,1.49,4.6,0.699726018,3.85,0.734381098,1.8,0.273943711,1.76,0.268919255
282798.127,96588.2515,39409.3555,10131.00307,37163.91987,31528.94273,17267.07376,5214.28321,542.1203446,610,17,24.5,45,5.792194645,23.5,5.4,1.41,3.8,0.594144912,3.4,0.650317073,1.6,0.243931677,1.57,0.239888199
280460.9524,97117.5022,40419.85179,9045.538452,41452.06447,31158.014,14444.57132,5094.414631,542.1203446,603,16.3,20.5,39,5.084205454,21,3.85,1.33,3.65,0.565864587,3.2,0.593996951,1.4,0.208550078,1.31,0.200161491
303832.6984,87855.61507,31714.03756,10251.61025,30017.0122,31528.94273,17682.14765,3296.385937,619.5661082,543.18,9.49,19.03,40.43,4.65,17.86,3.34,0.95,2.63,0.35,1.88,0.33,0.87,0.11,0.78,0.11
312246.527,86267.86299,24096.45011,5547.930251,17867.26917,30787.08526,24904.43331,3056.648778,542.1203446,403.23,17.1,27.92,52.74,6.36,23.74,4.31,1.07,3.5,0.51,2.89,0.57,1.55,0.233168575,1.48,0.21
264100.7301,90396.01839,53634.03411,25568.72203,50600.10628,26261.75465,10874.93588,5274.2175,851.9033987,600.04,19.76,17.85,36.2,4.66,19.91,4.2,1.19,4.24,0.6,3.36,0.65,1.75,0.250140237,1.5,0.23
287472.4762,90501.86853,43529.07116,17910.16614,39022.11586,30787.08526,14029.49743,4135.465994,697.0118717,595,10.4,18,34,4.350377845,17.5,4.148085242,1,2.928077036,0.421139732,2.12,0.397362043,0.95,0.132393342,0.77,0.117652174
275319.1682,90501.86853,48037.43924,22010.81023,45382.86368,29674.29904,12037.14277,4614.940312,774.4576352,600,11.7,17,35.5,4.514683677,18,4.242191915,1.01,3.008267291,0.443821807,2.33,0.463323171,1.2,0.163196429,0.92,0.140571429
285602.7365,90766.49388,40808.50421,15678.93332,36091.88372,30267.78503,14195.52699,4075.531704,697.0118717,585,10.5,19.4,36.5,4.793440446,20,4.526611502,0.98,2.875555604,0.414908374,2.1,0.40367378,1,0.135485637,0.76,0.116124224
291679.3905,90237.24319,41119.42615,14171.34358,36234.82187,30787.08526,15938.83732,4135.465994,619.5661082,570,9.4,19.4,36,4.603296197,18.5,4.310010844,1,2.895719312,0.409399895,2,0.37551372,0.9,0.116260675,0.61,0.093204969
296166.7657,87590.98972,36999.71049,14171.34358,33447.52788,31380.57124,18512.29543,3715.925966,619.5661082,575,9.7,22,41.5,5.12114114,19.5,4.379929341,0.93,2.690322484,0.379763583,1.85,0.358867378,0.9,0.123931483,0.71,0.108484472
294951.4349,88490.7159,37310.63242,14653.77229,33304.58973,31009.6425,18097.22154,3895.728835,619.5661082,565,10,21,42,5.20975366,20,4.51346763,0.97,2.798061825,0.393204619,1.9,0.381478659,1,0.134718556,0.75,0.114596273
289342.2159,89972.61784,42674.03583,15256.80819,37878.61063,30861.27101,15523.76343,4075.531704,619.5661082,565,9.3,18.4,36,4.552530333,18,4.163328682,0.95,2.772505163,0.396756459,1.98,0.364762957,0.85,0.113168381,0.62,0.094732919
286070.1714,86003.23764,42518.57486,21709.29229,42238.22431,29451.7418,14610.60087,3655.991676,697.0118717,524,10.7,15.5,29,3.718081966,15,3.2,0.8,2.4,0.36443641,2,0.39257622,1,0.146224767,0.9,0.137515528
292614.2603,84680.11091,40808.50421,19236.84511,39450.93032,29674.29904,15855.82254,3655.991676,697.0118717,520,10.5,17,32,3.945161901,15,3.2,0.9,2.05,0.32535278,1.9,0.372947409,0.95,0.138529988,0.85,0.129875776
308507.0476,84415.48556,30237.15836,11457.68204,28802.0379,32641.72895,20504.65009,3176.517358,464.6745811,545,7.9,23,43,5.183915243,19,3.65,0.87,2.3,0.333353863,1.7,0.325158537,0.8,0.106240683,0.58,0.088621118
304767.5682,84150.86021,33190.91676,13266.78973,30231.41943,31232.19974,19923.54665,3356.320227,542.1203446,555,8.3,23,45,5.132238409,17,3.6,0.93,2.8,0.378705622,1.7,0.316627287,0.75,0.111586277,0.7,0.106956522
290744.5206,87855.61507,42285.38341,17005.61229,36449.2291,31825.68572,17350.08854,4315.268864,619.5661082,618,10.3,21,41,5.03252862,19,4.2,1.11,3.25,0.448871798,2.1,0.38661128,0.9,0.132369371,0.82,0.125291925
296353.7397,88384.86576,35289.63983,15377.41537,32161.0845,30638.71376,18512.29543,3715.925966,542.1203446,603,10,23.5,43,5.133149378,18.5,3.7,1.02,2.6,0.371571016,1.85,0.375929878,1,0.145457686,0.89,0.135987578
296587.4571,86003.23764,38087.93726,15618.62973,35448.66203,31528.94273,16602.95554,3715.925966,619.5661082,565,10,17.5,35,4.273773564,16,3.4,0.92,2.6,0.375239715,1.9,0.364416159,0.9,0.126232725,0.74,0.113068323
284434.1492,84944.73625,45161.41133,22010.81023,44739.64199,28561.51283,15191.70432,3895.728835,774.4576352,515,12.4,19,35,4.273773564,16,3.5,0.94,2.7,0.41365966,2.3,0.459993902,1.2,0.17470264,1.07,0.163490683
297522.327,85209.3616,38010.20678,13568.30768,33733.40419,31158.014,17433.10332,3655.991676,619.5661082,528,10.7,21,41,5.03252862,19,3.7,0.99,2.9,0.417125567,2.1,0.40367378,1,0.137786879,0.79,0.120708075
274384.2984,89972.61784,49125.66602,20201.70254,42881.446,28190.58409,12867.29054,4315.268864,774.4576352,542,12,15,30,3.895307006,16,3.35,1,2.8,0.419061313,2.25,0.420320122,1,0.144690606,0.88,0.134459627
303832.6984,85209.3616,32646.80337,12482.84306,28444.69251,32270.80021,21002.73876,3296.385937,464.6745811,547,8.8,22.5,43,5.133149378,18.5,3.45,0.92,2.35,0.33422034,1.65,0.319609756,0.8,0.113911491,0.68,0.103900621
271112.2539,87326.36437,52468.07684,27377.82972,47526.93598,27819.65535,13033.3201,4195.400284,851.9033987,560.44,12.28,15.42,30.88,3.83,15.63,3.2,1,2.92,0.41,2.27,0.42,1.08,0.157769332,0.97,0.14
276721.473,79652.22932,43295.87971,27136.61536,45382.86368,27077.79788,24074.28553,4974.546051,774.4576352,1325,16.8,66,133,16.76830453,66,14.49881263,2.9,7.817843459,0.976920942,3.65,0.686592226,1.65,0.207135773,1.04,0.158906832
277188.9079,79811.00453,43762.26261,27317.52613,46454.89983,26855.24063,24074.28553,5034.480341,774.4576352,1340,17,66,128,16.4913697,67,14.72645759,2.95,7.962629424,0.997390937,3.75,0.680627287,1.55,0.205553668,1.12,0.171130435
278123.7778,81239.9814,42829.4968,25689.3292,44310.82753,27448.72662,23078.1082,4854.677471,697.0118717,1250,16.2,60.5,118,14.82065103,58,12.97996199,2.73,7.376804238,0.925911036,3.5,0.652883384,1.55,0.197882861,1.02,0.155850932
275319.1682,79122.97863,43684.53213,28704.50869,46454.89983,26706.86914,24406.34464,5034.480341,774.4576352,1426.85,18.87,72.72,148.77,17.57,69.46,11.9,3.22,8.29,0.91,3.99,0.63,1.48,0.201684705,1.14,0.16
268775.0793,88914.11645,53867.22556,27739.65125,48956.31752,28042.2126,7886.403881,4614.940312,851.9033987,515,13.5,11,22.5,3.023011983,13,2.9,0.93,3,0.455545512,2.5,0.499251524,1.3,0.195461762,1.24,0.189465839
272981.9936,87855.61507,53167.6512,26232.06151,48456.03398,28932.44157,8384.492547,4555.006023,851.9033987,516,12.2,10.5,22,2.985165327,13,2.9,0.92,3.1,0.449941067,2.3,0.459993902,1.2,0.180072205,1.14,0.174186335
277656.3428,86797.11368,52468.07684,26232.06151,49313.6629,28932.44157,8633.536881,4614.940312,851.9033987,525,12,11,23,3.162390368,14,3,0.96,3.1,0.442603669,2.2,0.431833841,1.1,0.170052213,1.11,0.169602484
288407.346,90766.49388,42285.38341,16643.79075,38593.3014,32344.98596,11871.11321,3596.057386,774.4576352,590,11.5,15.5,29,3.819613695,16,3.1,0.95,3,0.426195919,2.1,0.42073628,1.1,0.160847244,0.99,0.151267081
290744.5206,91031.11923,41274.88712,15317.11178,37163.91987,33383.58642,12286.1871,3536.123096,774.4576352,621.96,12.35,16.41,33.22,4.17,16.48,3.28,0.99,2.83,0.39,2.2,0.41,1.11,0.165454523,1.04,0.16
288407.346,84680.11091,40886.2347,18211.68408,39093.58494,31974.05722,19342.4432,4674.874602,697.0118717,802.17,12.85,27.61,53.33,6.3,24.33,4.39,1.19,3.53,0.46,2.4,0.43,1.1,0.160847244,0.99,0.14
264988.8565,93730.29776,41974.46148,23880.22151,37807.14156,28190.58409,15689.79298,5513.954659,464.6745811,1102,10,25.1,52.2,4.9,22.5,4.6,1.19,3.7,0.5,2.6,0.44,1.2,0.2,1,0.16
289949.8813,81398.75661,34356.87402,22855.06049,37735.67248,28190.58409,17267.07376,3775.860256,619.5661082,657,10,24.9,47.2,4,18.1,3.7,0.91,3,0.4,2.4,0.44,1.2,0.2,1,0.15
305421.9771,82827.73348,40808.50421,7537.94871,24728.30053,30490.34227,22746.04909,5513.954659,619.5661082,418,25.2,28.8,58.5,7.1,27.5,5.9,1.2,5,0.7,4.5,0.9,2.3,0.3,2.1,0.3
294764.4609,85632.76216,38554.32017,15256.80819,35305.72387,28042.2126,21168.76831,4135.465994,542.1203446,541,14.9,21.2,41.8,4.7,17.7,3.4,0.8,2.8,0.4,2.5,0.5,1.3,0.2,1.3,0.2
355764.7181,67797.0138,5985.247284,361.8215381,3144.639373,28264.76984,38352.8273,479.4743182,309.7830541,44,17.3,18.9,37.1,4.1,14.3,2.7,0.2,2.7,0.4,2.3,0.5,1.4,0.2,1.6,0.2
313134.6533,81239.9814,25340.13785,8020.377428,22798.63546,27968.02685,31628.6303,4135.465994,309.7830541,343,27,32.1,63.5,7.5,28.8,5.3,1,4.6,0.7,4.2,0.9,2.2,0.3,2.1,0.3
282657.8965,92354.24596,45550.06375,18030.77332,41666.4717,29451.7418,13282.36443,4674.874602,774.4576352,559,13.9,16.3,33.4,4,16.9,3,1,2.7,0.4,2.5,0.5,1.3,0.2,1.3,0.2
265175.8305,85950.31257,50602.54522,32021.20612,51171.8589,25668.26867,16685.97032,5693.757528,1006.794926,727,18.5,29.2,57.7,6.8,26.6,5.3,1.3,4.1,0.5,3.5,0.7,1.8,0.3,1.5,0.3
291539.16,82192.63265,36688.78855,20985.64921,36806.57448,29154.99881,17433.10332,3835.794545,619.5661082,638,11.5,23.4,41.8,4.8,18.1,3.3,1,2.5,0.3,2.1,0.4,1.1,0.2,1.1,0.2
290370.5727,87855.61507,41508.07857,20684.13126,40594.43555,31083.82825,15689.79298,4135.465994,697.0118717,644,10,18,35.1,4.1,16.6,3.2,0.9,2.6,0.3,1.9,0.3,0.9,0.1,0.8,0.1
288220.372,88067.31534,42984.95777,22010.81023,42524.10062,30416.15652,8799.566436,4435.137443,697.0118717,610,11.5,19.7,38.2,4.4,17.6,3.3,0.9,2.5,0.4,2.1,0.4,1.1,0.2,0.9,0.1
289809.6508,85103.51146,39642.54695,19658.97024,39236.52309,30045.22778,18014.20676,4075.531704,697.0118717,579,11.1,19.6,37.2,4.4,16.7,3.3,0.8,2.5,0.3,2,0.4,1,0.1,1,0.1
288407.346,86214.93792,40108.92985,17668.95178,38879.17771,31528.94273,19591.48754,4674.874602,697.0118717,779,11.5,24.5,47.5,5.6,21.3,4,1,3.2,0.4,2.1,0.4,1.1,0.1,0.9,0.1
287051.7847,87008.81396,41819.00051,19658.97024,40880.31185,30416.15652,14859.64521,4195.400284,697.0118717,625,10.2,16.8,33.1,4,15.1,2.9,0.9,2.6,0.3,2,0.4,0.9,0.1,0.9,0.1
278684.6997,86850.03875,46405.09908,24603.86459,44811.11107,29525.92755,14859.64521,4734.808892,774.4576352,719,10.9,19.9,38.7,4.6,19.1,3.5,1,2.7,0.4,1.9,0.4,0.9,0.1,1,0.1
268681.5924,86320.78806,47804.24779,23458.09639,44668.17292,27374.54087,16353.91121,4974.546051,774.4576352,623,13.8,17.2,33.9,4,15.9,3.2,0.8,2.6,0.4,2.2,0.4,1.1,0.2,1,0.1
267372.7746,80446.10536,48737.0136,35639.4215,52458.30228,24852.22545,23576.19687,4075.531704,929.3491622,1429,19.5,73.8,144.6,16.9,68.3,11.1,2.78,6.94,0.74,3.73,0.63,1.61,0.23,1.55,0.21
260828.6857,84680.11091,49902.97086,30031.18766,53887.68381,26039.19741,24489.35942,4375.203153,929.3491622,1555,20.5,80.6,157,18.3,73.2,11.9,3.02,7.36,0.78,4.02,0.65,1.67,0.25,1.44,0.22
263633.2952,84680.11091,50447.08425,31176.95587,53601.8075,24036.18223,23576.19687,4435.137443,929.3491622,1545,19.7,87.8,167,20.5,80,12.7,3.1,8.11,1.01,4.42,0.72,1.96,0.23,1.7,0.29
262698.4254,85738.61229,50991.19764,31599.08099,54245.02919,23961.99648,23908.25598,4495.071733,929.3491622,1565,19.7,87.5,167,20.3,79.6,13.1,2.99,8.08,0.99,4.38,0.72,1.93,0.26,1.5,0.27
263165.8603,84680.11091,50602.54522,31599.08099,53530.33843,24258.73947,23576.19687,4435.137443,929.3491622,1546,19.7,87.7,168,20.4,79.2,12.8,3.03,7.96,1,4.34,0.69,1.91,0.26,1.6,0.26
263633.2952,82033.85744,50136.16232,34433.34971,54316.49827,23071.76751,23327.15253,4375.203153,929.3491622,1495,19.2,83.8,161,19.6,77.5,12.6,3,7.95,0.97,4.15,0.68,1.97,0.24,1.6,0.22
262230.9905,84680.11091,50680.27571,31538.7774,53887.68381,24258.73947,23576.19687,4435.137443,929.3491622,1543,19.7,86.6,165,20.4,77.9,13.3,3.11,8.07,0.97,4.23,0.72,1.7,0.23,1.5,0.25
261296.1206,84680.11091,51302.11958,31719.68817,53959.15289,23961.99648,23742.22642,4495.071733,929.3491622,1561,19.9,89.3,169,20.6,79.7,12.8,3.14,8.35,0.95,4.31,0.7,1.8,0.22,1.6,0.25
285602.7365,89178.7418,47571.05634,16281.96921,43596.13677,25371.52568,12452.21665,3056.648778,851.9033987,745.65,13.11,12.33,24.12,3.11,12.88,2.7,0.81,2.44,0.37,2.13,0.45,1.23,0.183921991,1.16,0.17
271579.6889,91295.74457,51457.58055,24121.43587,48956.31752,26335.9404,9629.714213,3715.925966,929.3491622,457.74,16.65,8.89,17.75,2.46,10.86,2.55,0.82,2.73,0.44,2.73,0.57,1.62,0.247776669,1.6,0.24
319258.0508,87114.6641,22230.91848,6754.002044,26229.15114,35460.78736,16187.88165,2217.568722,348.5059358,521,4.3,8.1,16.7,2.127097997,8.5,1.56,0.64,1.62,0.213710024,0.91,0.106106555,0.03,0.026095128,0.31,0.04736646
320192.9206,86056.16271,22075.45752,6874.609224,26800.90375,35460.78736,15938.83732,2217.568722,348.5059358,526,4.2,8.1,14.8,1.983280705,8.5,1.91,0.53,1.34,0.192715478,0.97,0.121296341,0.08,0.029954503,0.31,0.04736646
320192.9206,85950.31257,22619.57091,6874.609224,26800.90375,34941.48712,15689.79298,2277.503011,356.2505122,527,4.2,8.7,15.1,2.04660139,8.9,1.65,0.71,1.66,0.229078002,1.07,0.204398462,0.502004747,0.062527994,0.31,0.04736646
320192.9206,86214.93792,21997.72703,6633.394865,26800.90375,35238.23011,16021.8521,2217.568722,340.7613595,527,4.1,7.8,14.7,1.945251855,8.2,1.66,0.61,1.76,0.226408516,0.91,0.104400305,0.02,0.023022011,0.28,0.042782609
320192.9206,85738.61229,22464.10994,6754.002044,26872.37283,35238.23011,15855.82254,2217.568722,348.5059358,519,4.3,8.2,16.8,2.124514155,8.4,1.83,0.69,1.57,0.216512246,1.01,0.194410657,0.482492552,0.061021897,0.31,0.04736646
322062.6603,87802.69,17722.5504,7055.519993,27515.59452,34348.00114,15274.7191,2217.568722,317.5276304,535,4,8.5,15.3,2.031280534,8.6,1.54,0.59,1.18,0.167196817,0.82,0.17801875,0.51,0.060076805,0.27,0.041254658
314583.7016,89231.66687,28760.27916,7236.430762,27515.59452,33828.70091,13199.34965,2457.305881,348.5059358,557,3.4,7.6,14.2,1.744954434,6.6,1.28,0.31,0.99,0.126483474,0.5,0.116912805,0.36,0.055575,0.36225,0.05535
317388.3111,89072.89166,23241.41478,6633.394865,26872.37283,34051.25815,16187.88165,2217.568722,363.9950885,535,4.5,8.3,16.1,2.101988356,8.7,1.67,0.57,1.25,0.180883462,0.92,0.131103811,0.17,0.03920262,0.34,0.051950311
334215.9682,72771.97031,10104.96295,1929.71487,8290.412894,28190.58409,33870.0293,1498.357244,387.2288176,185.5048594,11.48728719,28.57471191,58.14091052,6.053152781,20.06520193,3.213905276,0.627425147,2.387299306,0.347060581,1.992146276,0.389898052,1.13404389,0.180267137,1.208909549,0.185005239
276254.0381,89178.7418,46405.09908,22312.32818,45811.67814,31083.82825,9795.743768,4255.334574,851.9033987,690,13,15,27,3.820524664,17.5,3.9,1.05,3.2,0.459011419,2.3,0.477056402,1.3,0.189325116,1.16,0.177242236
274618.0159,89707.99249,48270.6307,19658.97024,46240.4926,31528.94273,13116.33488,5094.414631,774.4576352,964,13,25,49,6.348797213,26,4.85,1.35,3.75,0.519904451,2.45,0.493702744,1.3,0.180887228,1.05,0.160434783
269242.5143,89972.61784,49825.24038,25206.90049,47598.40506,31380.57124,10874.93588,5154.34892,774.4576352,762,12,17,35,4.730666343,20.5,4.2,1.16,3.4,0.480820822,2.35,0.465542683,1.2,0.170867236,1.02,0.155850932
269242.5143,92618.87131,48426.09166,24302.34664,47526.93598,30416.15652,10957.95066,4794.743182,774.4576352,725,13,14.6,31,4.174063775,18,3.7,1.06,3.5,0.497228572,2.45,0.485171494,1.25,0.184698661,1.15,0.175714286
259426.3809,89178.7418,57365.09735,31960.90253,54673.84365,27448.72662,8384.492547,5573.888949,929.3491622,650,14,14.4,29,3.971911288,17.5,3.6,1.16,3.9,0.555522174,2.75,0.544057927,1.4,0.203180512,1.24,0.189465839
262698.4254,92089.62061,53167.6512,25206.90049,49671.00828,31083.82825,9629.714213,5573.888949,851.9033987,710,14,15,31,4.174063775,18,3.8,1.15,3.55,0.520107244,2.7,0.538509146,1.4,0.199345109,1.19,0.181826087
268775.0793,94312.47352,49514.31844,22131.41741,46812.24522,30861.27101,10791.9211,4914.611761,774.4576352,690,14,15.8,32,4.310676124,18.6,3.9,1.08,3.65,0.518171498,2.55,0.496269055,1.25,0.18393158,1.14,0.174186335
274851.7333,89972.61784,44073.18455,21950.50664,38235.95602,27819.65535,12867.29054,4555.006023,697.0118717,565,17,21.7,36,4.958657248,22,4.55,1.12,4,0.568261225,2.8,0.532544207,1.3,0.192393439,1.2,0.183354037
269242.5143,90766.49388,48270.6307,23518.39998,45740.20907,29674.29904,9961.773324,4854.677471,851.9033987,668,16,16.4,32.5,4.4906672,20,4.05,1.11,3.95,0.56005735,2.75,0.569651677,1.55,0.213991557,1.23,0.187937888
272047.1238,90501.86853,50369.35377,23940.5251,47884.28137,31603.12848,10127.80288,4914.611761,929.3491622,700,14,15.3,31,4.174063775,18,3.7,1.12,3.5,0.511903368,2.65,0.541491616,1.45,0.210875291,1.29,0.19710559
271112.2539,84944.73625,51068.92813,29609.06253,47455.46691,29154.99881,11788.09843,4914.611761,851.9033987,676,13,16.5,34,4.451909574,18.5,3.7,1.1,3.6,0.502630224,2.4,0.471091463,1.2,0.170100155,1.01,0.154322981
268307.6444,85209.3616,52079.42442,31900.59894,52958.58581,28561.51283,10376.84721,4495.071733,851.9033987,592,13,13,26.5,3.528848687,15,3.3,0.94,3.2,0.466348817,2.4,0.488153963,1.3,0.189325116,1.16,0.177242236
271112.2539,97911.37824,44228.64552,15558.32614,49313.6629,32196.61446,11622.06888,4914.611761,619.5661082,750,13,16,32,4.249757087,18,3.7,1.09,3.35,0.479954345,2.4,0.471091463,1.2,0.17470264,1.07,0.163490683
258257.7936,83356.98418,56121.4096,34373.04612,56817.91595,25519.89718,12867.29054,4495.071733,1006.794926,1035,16,28,56,7.132479716,28.5,5.4,1.4,4.2,0.586401928,2.8,0.566669207,1.5,0.2293092,1.48,0.226136646
258491.5111,81398.75661,55266.37428,34493.6533,57747.01395,26484.3119,13863.46788,4375.203153,1006.794926,1030,16,29,54,7.031858957,29,5.3,1.42,4,0.571929924,2.85,0.572217988,1.5,0.220871312,1.37,0.209329193
282798.127,89972.61784,42363.1139,18091.0769,41809.40985,31528.94273,11788.09843,4255.334574,697.0118717,620,12,14.2,30.5,4.034685391,17,3.7,0.99,3.1,0.442603669,2.2,0.431833841,1.1,0.160080163,0.98,0.14973913
287472.4762,85738.61229,41119.42615,19538.36306,42166.75523,29674.29904,13116.33488,4075.531704,697.0118717,560,12,16.5,33,4.325450398,18,3.8,0.97,3.1,0.446272368,2.25,0.454445122,1.2,0.173935559,1.06,0.161962733
281863.2571,87855.61507,44073.18455,22312.32818,45025.5183,30416.15652,11622.06888,4315.268864,774.4576352,660,12,14,30.5,4.034685391,17,3.7,1.01,3,0.433533317,2.2,0.431833841,1.1,0.165449728,1.05,0.160434783
260828.6857,95265.12477,57365.09735,23156.57844,50314.22997,25816.64017,6475.15266,4854.677471,774.4576352,650,10,9.3,20,2.651021593,11.2,2.65,0.81,2.45,0.35062809,1.75,0.364832317,1,0.143923525,0.87,0.132931677
274851.7333,94206.62339,45472.33326,15437.71896,42166.75523,32048.24297,10293.83243,4555.006023,774.4576352,650,13,14.1,31,4.072532046,17,3.8,1.03,3.15,0.450807544,2.25,0.454445122,1.2,0.177770963,1.11,0.169602484
262230.9905,91772.0702,54255.87798,24784.77536,51457.7352,28042.2126,9131.625547,5214.28321,929.3491622,695,14.4,12.4,26.5,3.569461378,15.4,3.5,1.06,2.85,0.449277383,2.6,0.510349085,1.3,0.196228843,1.25,0.190993789
266204.1873,92195.47075,51457.58055,22674.14972,48598.97213,30638.71376,9795.743768,5094.414631,851.9033987,776,13.8,15.2,30,4.047604599,17.5,3.9,1.15,3.05,0.460080688,2.5,0.490720274,1.25,0.181630338,1.11,0.169602484
269242.5143,94735.87408,49592.04893,18091.0769,47526.93598,31009.6425,9463.684658,4734.808892,851.9033987,698,13.8,13.4,26.5,3.528848687,15,3.45,1.07,2.85,0.434602586,2.4,0.479622713,1.25,0.186999903,1.18,0.180298137
264100.7301,83886.23487,52312.61588,30634.22356,52601.24043,25668.26867,11705.08366,4375.203153,929.3491622,872,17.3,33.5,63,7.966928083,31.5,5.95,1.48,4.05,0.580133799,2.9,0.594829268,1.6,0.238562112,1.5,0.229192547
293549.1301,85738.61229,38087.93726,18392.59485,37163.91987,30416.15652,14112.51221,3955.663125,619.5661082,542,12.5,16.8,35,4.476837021,18,3.75,0.98,2.75,0.410857438,2.2,0.431833841,1.1,0.162381405,1.01,0.154322981
275786.6032,89178.7418,45472.33326,20623.82767,45382.86368,32419.17171,10708.90632,4854.677471,697.0118717,668,13,13.8,30.5,4.014379045,16.8,3.7,1.04,3.2,0.466348817,2.4,0.471091463,1.2,0.172401398,1.04,0.158906832
285602.7365,86003.23764,40963.96518,20684.13126,42166.75523,29525.92755,13116.33488,4135.465994,697.0118717,560,13,16,34,4.360531018,17.6,3.6,0.96,3.2,0.466348817,2.4,0.454028963,1.1,0.16775097,1.08,0.165018634
282330.692,87061.73903,44539.56745,21528.38152,42166.75523,31009.6425,13614.42354,4555.006023,697.0118717,620,13,17,34.5,4.540522094,19,4,1.08,3.5,0.500897271,2.5,0.465126524,1.1,0.16698389,1.07,0.163490683
277656.3428,84415.48556,44306.376,25086.29331,46883.71429,28042.2126,13365.37921,4135.465994,774.4576352,703,15,23,44,5.665735469,23,4.55,1.14,3.8,0.539114424,2.65,0.515897866,1.3,0.196228843,1.25,0.190993789
276254.0381,84785.96105,46327.36859,25387.81126,46597.83799,28784.07007,13116.33488,4255.334574,774.4576352,725,15,23,44,5.645429123,22.8,4.4,1.14,3.5,0.500897271,2.5,0.499251524,1.3,0.197763005,1.27,0.194049689
267606.492,91031.11923,51224.3891,21106.25639,48598.97213,27745.46961,12286.1871,4974.546051,774.4576352,750,13,16,33,4.376216263,18.5,3.8,1.14,3.4,0.480820822,2.35,0.448480183,1.1,0.166216809,1.06,0.161962733
280460.9524,89707.99249,41352.6176,15136.20101,39665.33755,29451.7418,10625.89155,4255.334574,697.0118717,592,12.9,14.7,29,3.870379559,16.5,3.4,0.95,2.7,0.409990961,2.25,0.454445122,1.2,0.173935559,1.06,0.161962733
276254.0381,88384.86576,44695.02842,18091.0769,42595.56969,29674.29904,12203.17232,4195.400284,774.4576352,812,14.4,21.5,40.5,5.248511285,21.5,4.25,1.18,3.35,0.487291743,2.5,0.499251524,1.3,0.194694682,1.23,0.187937888
278123.7778,86797.11368,44772.75891,24000.82869,46454.89983,31158.014,12452.21665,4614.940312,697.0118717,628,14,16.3,33.5,4.393756573,18.3,3.9,1.01,3.5,0.497228572,2.45,0.485171494,1.25,0.18393158,1.14,0.174186335
278123.7778,86162.01285,45705.52472,25206.90049,47169.5906,30045.22778,12203.17232,4614.940312,774.4576352,625,14,15.8,32,4.249757087,18,3.8,1.02,3.4,0.48815822,2.45,0.485171494,1.25,0.186999903,1.18,0.180298137
284200.4317,92089.62061,43684.53213,17005.61229,44310.82753,33309.40068,10791.9211,4734.808892,697.0118717,624,13,14.5,31,4.123297911,17.5,3.65,1.07,3.5,0.489891173,2.35,0.465542683,1.2,0.168565994,0.99,0.151267081
282798.127,90237.24319,44384.10649,18935.32716,43882.01307,32790.10044,11206.99499,4495.071733,697.0118717,652,12,15,32,4.300522951,18.5,3.75,1.03,3.5,0.482553775,2.25,0.454445122,1.2,0.172401398,1.04,0.158906832
281863.2571,91031.11923,43606.80164,18452.89844,41809.40985,33086.84343,11373.02454,4435.137443,697.0118717,646,11,13.2,28.5,3.781767039,16,3.25,1.01,3.1,0.431597571,2.05,0.398125,1,0.151594332,0.97,0.14821118
282330.692,91560.36992,47571.05634,16101.05845,44882.58015,30861.27101,11871.11321,4135.465994,851.9033987,892,17,21,42,5.514348846,23,4.5,1.22,4.1,0.581000276,2.85,0.589280488,1.6,0.244698758,1.58,0.241416149
296353.7397,89178.7418,34590.06547,12060.71794,35162.78572,33680.32942,13697.43832,3236.451648,619.5661082,628,11,16,32.5,4.287603742,18,3.6,0.92,3.3,0.446069576,2,0.37551372,0.9,0.133136452,0.83,0.126819876
305702.4381,83621.60952,27827.51335,11337.07486,29016.44513,26929.42638,15440.74865,3715.925966,464.6745811,522,13.8,19.7,39.5,5.071286245,20.5,3.9,1,3.1,0.457278465,2.4,0.471091463,1.2,0.180072205,1.14,0.174186335
277188.9079,95265.12477,47571.05634,17488.04101,44811.11107,33235.21493,10376.84721,4734.808892,774.4576352,658,13.6,13.9,32,4.127919012,16.8,3.6,1.08,3.2,0.473686216,2.5,0.499251524,1.3,0.194694682,1.23,0.187937888
268775.0793,93941.99804,53478.57314,20925.34562,49313.6629,30787.08526,10459.86199,5154.34892,851.9033987,698,13,14,29,3.880532732,16.6,3.65,1.1,3.6,0.509967623,2.5,0.482189024,1.2,0.17470264,1.07,0.163490683
287472.4762,86532.48833,41274.88712,20262.00613,39307.99217,31899.87147,12369.20188,4435.137443,619.5661082,568,11,16.4,30.5,4.085451255,17.5,3.35,0.94,3.3,0.453406974,2.1,0.42073628,1.1,0.155477679,0.92,0.140571429
283732.9968,91031.11923,44073.18455,15799.5405,42524.10062,33012.65769,10708.90632,4854.677471,619.5661082,640,13,13.8,29.5,3.958992079,17,3.7,1.05,3.3,0.47175047,2.35,0.448480183,1.1,0.161614325,1,0.152795031
279058.6476,84944.73625,47260.1344,25568.72203,43596.13677,29822.67054,14029.49743,4674.874602,774.4576352,660,12,18.5,38,4.927286759,20.2,4.1,1.1,3.3,0.475419169,2.4,0.454028963,1.1,0.161614325,1,0.152795031
275319.1682,93148.122,48581.55263,19176.54152,44310.82753,31677.31423,9463.684658,5154.34892,774.4576352,648,12,12.8,25.5,3.50392124,15.5,3.25,1.07,3,0.437202016,2.25,0.437382622,1.1,0.160847244,0.99,0.151267081
284200.4317,91824.99527,41041.69566,16281.96921,39951.21386,32122.42872,10625.89155,3955.663125,697.0118717,635,13,15,28.5,3.781767039,16,3.2,0.93,3.05,0.438068493,2.2,0.448896341,1.2,0.180072205,1.14,0.174186335
298690.9143,88384.86576,33968.2216,11457.68204,31732.27004,33977.07241,16851.99987,4135.465994,464.6745811,608,11.4,19.8,40,5.058367037,20,4.05,1.01,3.1,0.43526627,2.1,0.40367378,1,0.141622283,0.84,0.128347826
259893.8159,83304.05911,55110.91331,33950.92099,57175.26134,26558.49764,13780.4531,4435.137443,1006.794926,1050,16.6,29,57.5,7.296785547,29,5.5,1.44,3.95,0.563726049,2.8,0.583731707,1.6,0.23626087,1.47,0.224608696
280460.9524,94735.87408,44228.64552,12904.96819,40737.3737,33902.88666,14278.54176,5334.15179,619.5661082,705,14.3,18.8,36.5,4.762980927,19.7,4.15,1.18,3.3,0.490093966,2.6,0.510349085,1.3,0.190859278,1.18,0.180298137
272981.9936,85421.06188,51224.3891,30634.22356,46955.18337,28338.95559,11954.12799,4914.611761,774.4576352,680,12.7,16.8,32.5,4.267297397,17.8,3.65,1.11,3,0.440870715,2.3,0.459993902,1.2,0.172401398,1.04,0.158906832
265503.0349,97382.12754,51768.50249,17789.55896,46097.55445,31974.05722,12618.24621,5873.560398,774.4576352,850,14.5,19.5,39,5.185737182,22,4.65,1.29,3.8,0.546451822,2.75,0.526995427,1.3,0.187790955,1.14,0.174186335
270644.819,92195.47075,47571.05634,24121.43587,47169.5906,31232.19974,11539.0541,4734.808892,774.4576352,730,13.1,15,29.5,3.938685733,16.8,3.65,1.06,3.05,0.45274329,2.4,0.479622713,1.25,0.180096176,1.09,0.166546584
268775.0793,91242.8195,49825.24038,25327.50767,46883.71429,30861.27101,11206.99499,5274.2175,774.4576352,771,12.5,16.8,33.5,4.464828783,19,4.2,1.15,3.1,0.449941067,2.3,0.442931402,1.1,0.160847244,0.99,0.151267081
277188.9079,92089.62061,45860.98569,17186.52306,43381.72954,31232.19974,10625.89155,4794.743182,774.4576352,610,13.9,15,30,4.027298253,17.3,3.85,1.07,3.15,0.465482341,2.45,0.493702744,1.3,0.187790955,1.14,0.174186335
276254.0381,90501.86853,48037.43924,17789.55896,43596.13677,31009.6425,10376.84721,4974.546051,774.4576352,597,13.7,14.5,28,3.764226729,16.2,3.8,1.08,3.2,0.473686216,2.5,0.482189024,1.2,0.178538043,1.12,0.171130435
278123.7778,91031.11923,47260.1344,17608.64819,44167.88938,32344.98596,10708.90632,4974.546051,774.4576352,600,13.8,14.5,28,3.865758457,17.2,3.7,1.12,3.05,0.467418086,2.6,0.501817835,1.25,0.18393158,1.14,0.174186335
275786.6032,93148.122,47571.05634,18030.77332,45597.27091,32790.10044,9961.773324,4914.611761,774.4576352,662,13.3,13.2,26,3.59253376,16,3.55,1.06,3,0.448208114,2.4,0.471091463,1.2,0.173935559,1.06,0.161962733
294484,85473.98695,40886.2347,18995.63075,36806.57448,30045.22778,15357.73387,4015.597415,697.0118717,560,14,18.6,37.5,4.869133758,20,4.05,1,3.6,0.506298923,2.45,0.493702744,1.3,0.189325116,1.16,0.177242236
280928.3873,87855.61507,45316.8723,22010.81023,41237.65724,30564.52802,13946.48265,4495.071733,697.0118717,648,12,16.4,34,4.451909574,18.5,3.9,1.03,3.4,0.473483423,2.25,0.437382622,1.1,0.160080163,0.98,0.14973913
287472.4762,87590.98972,41974.46148,20201.70254,40380.02832,30416.15652,13531.40876,4195.400284,697.0118717,590,14,16.6,34,4.47221592,18.7,3.85,1.01,3.5,0.493559873,2.4,0.488153963,1.3,0.190092197,1.17,0.178770186
286537.6063,87326.36437,42829.4968,20020.79177,39165.05401,31454.75699,14361.55654,4255.334574,697.0118717,588,14,16.8,35,4.57836875,19,3.95,1.02,3.45,0.489024697,2.4,0.488153963,1.3,0.189325116,1.16,0.177242236
295418.8698,88914.11645,35989.21419,12784.36101,33590.46603,35238.23011,14942.65999,3356.320227,697.0118717,740,12,19.9,40,5.058367037,20,3.7,1,3.2,0.444336622,2.1,0.42926753,1.15,0.172377426,1.09,0.166546584
299158.3492,89443.36715,35678.29225,12362.23588,33161.65157,35238.23011,14527.5861,3296.385937,697.0118717,740,12,20.5,41,5.184826213,20.5,3.7,1,3,0.426195919,2.1,0.42073628,1.1,0.168518051,1.09,0.166546584
279993.5174,91824.99527,42285.38341,19719.27383,42452.63154,33383.58642,11622.06888,3775.860256,697.0118717,762,11,16,32.5,4.287603742,18,3.7,1.07,3.15,0.436132747,2.05,0.398125,1,0.143156444,0.86,0.131403727
268307.6444,94735.87408,49980.70135,17668.95178,42881.446,34867.30138,12701.26099,5513.954659,774.4576352,835,13,18.2,38,5.110043871,22,4.3,1.27,3.7,0.511700576,2.4,0.454028963,1.1,0.161614325,1,0.152795031
278591.2127,90501.86853,43684.53213,18151.38049,42881.446,32641.72895,11622.06888,4375.203153,697.0118717,810,12,15,31,4.123297911,17.5,3.6,1,3.3,0.457075673,2.15,0.426285061,1.1,0.164682648,1.04,0.158906832
261763.5555,93677.37269,52079.42442,24302.34664,47169.5906,31158.014,10791.9211,5214.28321,851.9033987,855,13,17,35,4.730666343,20.5,4.2,1.22,3.6,0.502630224,2.4,0.462560213,1.15,0.171610345,1.08,0.165018634
277188.9079,93783.22283,45239.14181,17065.91588,43596.13677,31899.87147,10791.9211,5034.480341,697.0118717,650,12,15,31,4.123297911,17.5,3.7,1.09,3.45,0.4743499,2.2,0.431833841,1.1,0.159313082,0.97,0.14821118
269242.5143,94206.62339,52079.42442,19478.05947,47312.52875,30935.45675,9795.743768,4914.611761,851.9033987,710,14,14,29,3.921145423,17,3.45,1.13,3.35,0.490960442,2.55,0.496269055,1.25,0.190835307,1.23,0.187937888
270177.3841,92883.49665,53634.03411,20382.61331,48598.97213,30416.15652,9463.684658,4914.611761,851.9033987,698,13,13.8,28.5,3.883298767,17,3.55,1.1,3.5,0.50456597,2.55,0.504800305,1.3,0.196228843,1.25,0.190993789
269709.9492,95000.49942,51379.85006,19176.54152,46955.18337,31528.94273,9795.743768,4854.677471,851.9033987,705,15,13.8,28.5,3.903605113,17.2,3.75,1.13,3.6,0.52097372,2.65,0.532960366,1.4,0.207782997,1.3,0.19863354
271112.2539,93677.37269,52623.53781,19960.48818,48313.09583,30564.52802,9546.699435,4974.546051,851.9033987,700,14,13.8,28.5,3.903605113,17.2,3.45,1.1,3.45,0.492693396,2.45,0.493702744,1.3,0.194694682,1.23,0.187937888
288547.5765,86744.18861,41974.46148,19357.45229,40451.49739,31306.38549,14859.64521,4315.268864,697.0118717,578.33,13.54,16.68,33.77,4.426377574,18.42,3.64,0.98,3.32,0.472097061,2.33,0.468441921,1.23,0.183921991,1.16,0.177242236
266437.9047,94471.24873,53867.22556,21407.77434,51100.38982,31306.38549,9380.66988,5034.480341,929.3491622,724,16.4,14.5,30.5,4.075298082,17.4,3.7,1.1,3.4,0.521176513,2.9,0.577766768,1.5,0.230843362,1.5,0.229192547
299158.3492,90237.24319,35289.63983,11638.59281,35734.53833,33012.65769,12784.27577,3655.991676,619.5661082,603,11.2,16,32,4.148225358,17,3.5,1,2.9,0.417125567,2.1,0.38661128,0.9,0.138506017,0.9,0.137515528
282798.127,92618.87131,46327.36859,15377.41537,43238.79138,31751.49998,11622.06888,4135.465994,851.9033987,889,16,19.5,40,5.261430494,22,4.3,1.1,3.8,0.550120521,2.8,0.566669207,1.5,0.230843362,1.5,0.229192547
279759.8,94735.87408,45239.14181,16402.57639,43167.32231,33383.58642,9961.773324,4375.203153,774.4576352,650,13,13.2,29.5,3.908226215,16.5,3.6,1,3,0.448208114,2.4,0.471091463,1.2,0.184674689,1.2,0.183354037
298690.9143,88914.11645,37388.36291,13688.91486,35591.60018,32048.24297,14859.64521,3895.728835,619.5661082,528,15.2,17.4,36.5,4.691908717,19,3.9,1,3.3,0.490093966,2.6,0.527411585,1.4,0.207782997,1.3,0.19863354
287472.4762,87220.51424,41974.46148,19478.05947,39022.11586,31158.014,14195.52699,4255.334574,697.0118717,585,14.5,17.8,37,4.831287102,20,4.2,1,3.6,0.509967623,2.5,0.499251524,1.3,0.200064247,1.3,0.19863354
275786.6032,86532.48833,48503.82215,24302.34664,44167.88938,30416.15652,12369.20188,4794.743182,774.4576352,632,11.9,15.6,32,4.148225358,17,3.9,1.1,3.1,0.442603669,2.2,0.431833841,1.1,0.161614325,1,0.152795031
289809.6508,86267.86299,40031.19937,20563.52408,37306.85802,31899.87147,14195.52699,4135.465994,619.5661082,580,10.1,16.1,30.5,4.014379045,16.8,3.4,1,3.2,0.436999224,2,0.40963872,1.1,0.153943517,0.9,0.137515528
261763.5555,92089.62061,53478.57314,24422.95382,53959.15289,30119.41353,10708.90632,5154.34892,929.3491622,1010,14.5,21,42,5.463582981,22.5,4.6,1.3,3.5,0.508234669,2.6,0.510349085,1.3,0.192393439,1.2,0.183354037
278123.7778,86267.86299,45472.33326,24724.47177,47884.28137,29451.7418,12037.14277,4614.940312,774.4576352,615,13.8,16.2,33,4.325450398,18,3.9,1,3.4,0.491826919,2.5,0.499251524,1.3,0.192393439,1.2,0.183354037
305001.2857,81716.30703,31558.57659,15015.59383,33018.71342,31528.94273,15689.79298,3056.648778,542.1203446,497,9.9,15,29,3.69777562,14.8,2.9,0.8,2.5,0.351494566,1.7,0.342221037,0.9,0.138506017,0.9,0.137515528
312713.9619,82827.73348,23785.52817,6995.216403,23870.67161,33754.51516,15938.83732,2217.568722,619.5661082,545,11.6,19.6,38,4.805448685,19,3.5,0.9,2.8,0.408055215,2.1,0.42073628,1.1,0.169285132,1.1,0.168074534
271112.2539,87061.73903,49203.39651,28161.77638,46454.89983,30267.78503,10625.89155,4794.743182,851.9033987,636,12.9,15,31,4.123297911,17.5,3.8,1,3.6,0.509967623,2.5,0.499251524,1.3,0.184722632,1.1,0.168074534
253349.727,87590.98972,58064.67171,35036.38561,52887.11674,26855.24063,7803.389104,5274.2175,929.3491622,634,13.5,13.3,27,3.668227071,16,3.7,1.1,3.3,0.490093966,2.6,0.527411585,1.4,0.192441382,1.1,0.168074534
257089.2063,82033.85744,55965.94863,34674.56407,58604.64287,25965.01166,12618.24621,4435.137443,1006.794926,1000,15.8,26,50,6.526022253,27,5,1.4,3.7,0.548387568,2.9,0.594829268,1.6,0.230891304,1.4,0.213913043
289622.6768,86532.48833,41819.00051,19658.97024,38879.17771,30935.45675,15274.7191,4255.334574,619.5661082,557.92,13.49,17.38,36.73,4.68291993,18.74,3.43,1.08,3.32,0.4728308,2.34,0.474670427,1.26,0.177032648,1.04,0.158906832
279526.0825,83356.98418,50136.16232,28041.1692,47383.99783,25594.08293,8301.47777,3775.860256,851.9033987,445,12.6,8,16.2,2.241548934,10,2.3,0.76,2.55,0.396385433,2.25,0.454445122,1.2,0.183140528,1.18,0.180298137
302897.8286,81134.13126,32724.53385,11517.98563,27730.00175,33754.51516,16270.89643,3176.517358,929.3491622,442.68,10.54,10.68,21.61,2.86,11.99,2.5,0.75,2.27,0.32,1.75,0.35,0.95,0.14006415,0.87,0.13
278450.9822,84838.88612,48192.90021,28764.81228,46454.89983,26187.56891,8965.595991,3596.057386,851.9033987,438.22,11.56,7.73,15.13,2.06004068,9.01,2.26,0.7,2.29,0.356660242,2.03,0.421499238,1.15,0.179281153,1.18,0.180298137
274991.9638,87273.4393,49669.77941,25267.20408,47955.75044,24407.11096,10459.86199,3476.188807,929.3491622,403.36,15.06,8.27,16.21,2.162095802,9.21,2.15,0.68,2.4,0.395987223,2.43,0.493189482,1.31,0.224615625,1.61,0.246
279526.0825,83356.98418,50136.16232,28041.1692,47383.99783,25594.08293,8301.47777,3775.860256,851.9033987,445,12.6,8,16.2,2.241548934,10,2.3,0.76,2.55,0.396385433,2.25,0.454445122,1.2,0.183140528,1.18,0.180298137
292614.2603,89972.61784,42674.03583,15075.89742,43953.48215,28413.14133,9712.728991,3476.188807,774.4576352,460,14,8.7,19.5,2.592868591,11,2.766972028,0.75,2.333578102,0.365749108,2.1,0.43779878,1.2,0.182756988,1.175,0.179534161
280928.3873,88384.86576,47182.40392,22915.36408,49027.78659,26706.86914,10376.84721,3835.794545,851.9033987,475,14.6,11,22,2.985165327,13,2.3,0.75,2.5,0.388181558,2.2,0.465958841,1.3,0.200064247,1.3,0.19863354
274150.5809,83092.35883,53867.22556,30151.79484,52529.77135,24110.36797,9546.699435,3596.057386,929.3491622,410,14.6,8,16.5,2.315022792,10.5,2.620289866,0.7,2.242721676,0.364845509,2.2,0.465958841,1.3,0.202365489,1.33,0.203217391
280460.9524,89443.36715,48270.6307,23035.97126,51457.7352,25965.01166,10127.80288,3715.925966,851.9033987,450,16,9.2,19,2.555021935,11,2.766972028,0.75,2.441437181,0.4048819,2.5,0.533376524,1.5,0.223172554,1.4,0.213913043
288874.7809,88914.11645,43606.80164,18271.98767,45025.5183,27448.72662,10376.84721,3536.123096,774.4576352,480,13,9.3,18.5,2.51717528,11,2.701252667,0.7,2.188792137,0.345279114,2,0.42670122,1.2,0.179305124,1.13,0.172658385
255920.619,80446.10536,62961.69221,47458.92508,62535.44209,21142.93807,6392.137883,3955.663125,1161.686453,389.11,15.76,6.13,13.2,1.9,8.86,2.36,0.78,2.55,0.42,2.59,0.55,1.54,0.234697943,1.51,0.22
275786.6032,85209.3616,51768.50249,29428.15177,49671.00828,25074.78269,8467.507325,3596.057386,929.3491622,440,14,7.9,14.5,2.082410786,9.7,2.45,0.77,2.55,0.403722832,2.35,0.491136433,1.35,0.207759026,1.35,0.206273292
286070.1714,88384.86576,42674.03583,16462.87998,43238.79138,27300.35512,9463.684658,3416.254517,774.4576352,450,14,8.3,18,2.479328624,11,2.766972028,0.75,2.360542872,0.375532306,2.2,0.465958841,1.3,0.187023874,1.13,0.172658385
280928.3873,89178.7418,41974.46148,16462.87998,41094.71908,28561.51283,9795.743768,3356.320227,774.4576352,452.31,13.37,8.35,19,2.31,10.21,2.47,0.77,2.52,0.38,2.24,0.46,1.2,0.180839286,1.15,0.17
285135.3016,88384.86576,43373.61019,16885.00511,43238.79138,27448.72662,10044.7881,3476.188807,774.4576352,465,14.2,9.2,19,2.656553664,12,2.92889763,0.75,2.414472411,0.395098702,2.4,0.471091463,1.2,0.179305124,1.13,0.172658385
287472.4762,88649.49111,41819.00051,15256.80819,40380.02832,27077.79788,10542.87677,3416.254517,774.4576352,440,13.5,8.65,19,2.656553664,12,2.92889763,0.75,2.414472411,0.395098702,2.4,0.488153963,1.3,0.188558036,1.15,0.175714286
294016.5651,90766.49388,40808.50421,13688.91486,42595.56969,29303.37031,10127.80288,3356.320227,697.0118717,470,12.6,8.5,17,2.403635312,11,2.766972028,0.75,2.333578102,0.365749108,2.1,0.40367378,1,0.153895575,1,0.152795031
292146.8254,88914.11645,43606.80164,17307.13024,45740.20907,27448.72662,9546.699435,3416.254517,774.4576352,464.74,14.35,8.17,17.44,2.41,10.58,2.6,0.83,2.62,0.4,2.43,0.48,1.32,0.197005512,1.24,0.18
282798.127,88702.41618,42440.84438,16885.00511,42452.63154,28932.44157,9712.728991,3416.254517,774.4576352,439.95,12.08,7.62,17.07,2.218054194,9.12,2.5,0.72,2.2,0.360970503,2.2,0.414771341,1,0.166935947,1.17,0.178770186
289201.9854,90766.49388,42596.30535,15739.23691,42452.63154,29674.29904,9961.773324,3476.188807,774.4576352,441.23,12.72,8.35,16.12,2.250723229,10.15,2.12,0.78,2.31,0.375350329,2.26,0.443611128,1.13,0.180038645,1.21,0.184881988
281676.2832,87749.76493,39176.16404,14533.16511,40094.15201,28338.95559,10044.7881,3056.648778,697.0118717,430.6,12.03,7.95,18.78,2.414500698,9.78,2.73,0.83,2.38,0.366291039,2.05,0.42030625,1.13,0.176970322,1.17,0.178770186
289435.7028,91348.66964,41585.80905,14834.68306,41809.40985,29600.1133,9961.773324,3356.320227,774.4576352,447.5,12.4,8.21,16.38,2.214561039,9.6,2.59,0.78,2.45,0.385113862,2.22,0.420403354,1.02,0.167712616,1.16,0.177242236
288968.2679,90184.31812,42440.84438,14714.07588,41952.348,29525.92755,9795.743768,3476.188807,697.0118717,447.78,12.28,7.6,17.87,2.399431601,10.31,2.21,0.89,2.56,0.387020111,2.11,0.368952287,0.79,0.152260734,1.19,0.181826087
284013.4578,89919.69277,41119.42615,15498.02255,41666.4717,28932.44157,9878.758546,3296.385937,697.0118717,446,12.37,8.51,19.02,2.514907793,10.59,1.99,0.83,2.81,0.400891112,1.99,0.292503963,0.42,0.121400116,1.16,0.177242236
287565.9632,90925.26909,40963.96518,15136.20101,41809.40985,29303.37031,10210.81766,3356.320227,697.0118717,450.75,12.58,8.17,17.84,2.359594062,9.94,2.6,0.86,2.46,0.384553417,2.2,0.435246341,1.12,0.175431366,1.16,0.177242236
287986.6546,90290.16826,41197.15663,15739.23691,42452.63154,29377.55605,9795.743768,3236.451648,697.0118717,442.05,12.2,7.83,16.56,2.275905747,10.07,1.97,0.84,2.42,0.373587878,2.1,0.41903003,1.09,0.178485307,1.23,0.187937888
270364.3581,95265.12477,50447.08425,21407.77434,49313.6629,30045.22778,8882.581214,4375.203153,774.4576352,512.58,12.72,8.55,18.9,2.538314749,10.91,2.23,0.91,2.73,0.401705969,2.1,0.47192378,1.4,0.207782997,1.3,0.19863354
288173.6286,90290.16826,41508.07857,14472.86152,41452.06447,29154.99881,10376.84721,3356.320227,697.0118717,445.04,12.39,7.74,17.74,2.327657116,9.7,2.62,0.72,2.42,0.375055358,2.12,0.392243293,0.92,0.158459705,1.14,0.174186335
286257.1454,89443.36715,44306.376,17548.3446,43524.66769,28487.32708,9546.699435,3476.188807,774.4576352,433.38,12.63,7.96,17.01,2.248033383,9.46,2.78,0.87,2.45,0.369705325,2.01,0.420985976,1.16,0.180053028,1.18,0.180298137
283966.7143,89813.84263,43762.26261,17307.13024,43739.07492,28932.44157,9629.714213,3416.254517,774.4576352,438.57,12.58,7.79,15.73,2.238463231,10.32,2.5,0.85,2.37,0.3800588,2.25,0.469801372,1.29,0.190087403,1.18,0.180298137
274945.2203,85685.68723,49125.66602,26412.97228,47383.99783,26039.19741,9048.610769,3596.057386,851.9033987,431.18,12.23,7.26,16.83,2.185673357,8.98,2.59,0.7,2.21,0.35454014,2.1,0.46168628,1.34,0.200850505,1.27,0.194049689
285602.7365,91295.74457,41430.34809,12121.02153,41094.71908,28190.58409,12203.17232,3236.451648,774.4576352,440,14.5,11.4,24,3.085786086,12.5,2.94414107,0.7,2.242721676,0.364845509,2.2,0.483021341,1.4,0.207782997,1.3,0.19863354
280928.3873,83092.35883,43606.80164,25206.90049,42524.10062,24926.4112,9629.714213,2697.04304,929.3491622,383,14,10.2,21.5,3.150382129,15,3.585544772,0.88,2.693842751,0.413101176,2.3,0.494118902,1.4,0.207782997,1.3,0.19863354
296353.7397,84150.86021,36921.98,15859.84409,36234.82187,27597.09811,12867.29054,2936.780199,619.5661082,435,10.5,10.5,20,2.732246976,12,2.797458908,0.65,2.017041401,0.315025921,1.8,0.370381098,1,0.146224767,0.9,0.137515528
302897.8286,85738.61229,31247.65465,14291.95075,35019.84757,28561.51283,11871.11321,2277.503011,697.0118717,455,10,11.7,22.5,2.972246119,12.5,2.4,0.65,2.2,0.324283511,1.7,0.342221037,0.9,0.138506017,0.9,0.137515528
292614.2603,85209.3616,39487.08598,16161.36203,39307.99217,28932.44157,11622.06888,3296.385937,464.6745811,470,9.7,10,23,3.060858639,13,2.3,0.7,2.4,0.349761613,1.8,0.370381098,1,0.134718556,0.75,0.114596273
285135.3016,84680.11091,42984.95777,20201.70254,43739.07492,26558.49764,12203.17232,3116.583068,774.4576352,455,12,10.6,23,3.060858639,13,3.025103871,0.7,2.188792137,0.345279114,2,0.40963872,1.1,0.159696623,0.975,0.148975155
290978.2381,85209.3616,42285.38341,18995.63075,40237.09016,26706.86914,11705.08366,3056.648778,774.4576352,399,11.5,10.7,21,2.858706152,12.5,2.957284942,0.71,2.185391606,0.337633275,1.9,0.398541159,1.1,0.160080163,0.98,0.14973913
283265.5619,88649.49111,47571.05634,17488.04101,42166.75523,26484.3119,10957.95066,3236.451648,851.9033987,420,13.2,10.2,20.5,2.820859496,12.5,3.00986043,0.75,2.333578102,0.365749108,2.1,0.45486128,1.3,0.196995924,1.26,0.192521739
287005.0413,90501.86853,45316.8723,15859.84409,39450.93032,27597.09811,10791.9211,2816.911619,929.3491622,500,13.4,12.7,24,3.288849544,14.5,3.399430994,0.8,2.478364068,0.386219103,2.2,0.465958841,1.3,0.191626359,1.19,0.181826087
303832.6984,80975.35606,35522.83129,16221.66562,30731.70297,27671.28386,15855.82254,3416.254517,542.1203446,419,10.3,10.9,20.5,2.770093631,12,2.955185374,0.77,2.286329887,0.335782635,1.75,0.381894817,1.1,0.159313082,0.97,0.14821118
290744.5206,81239.9814,41197.15663,25629.02562,41452.06447,26335.9404,12618.24621,2876.845909,774.4576352,500,12,12.6,23.5,3.149471159,13.5,2.5,0.7,2.4,0.36443641,2,0.42670122,1.2,0.17508618,1.075,0.164254658
285135.3016,88914.11645,40186.66034,20804.73844,42738.50785,27522.91236,11373.02454,3356.320227,774.4576352,510,10.4,12.2,23.5,3.149471159,13.5,3.198073776,0.77,2.326777041,0.350457431,1.9,0.398541159,1.1,0.157778921,0.95,0.14515528
301495.5238,83621.60952,34201.41305,16402.57639,36377.76002,28487.32708,12037.14277,2517.24017,697.0118717,435,9.4,10.8,21.5,2.845786943,12,2.784315036,0.64,1.926065238,0.288430567,1.55,0.342637195,1,0.140088121,0.82,0.125291925
285135.3016,84680.11091,43684.53213,26533.57946,45740.20907,27448.72662,10376.84721,3176.517358,851.9033987,430,10.6,8.9,18.5,2.466409415,10.5,2.620289866,0.7,2.134862597,0.325712718,1.8,0.387443598,1.1,0.160847244,0.99,0.151267081
295886.3047,84680.11091,33890.49112,16885.00511,33590.46603,29674.29904,12369.20188,2577.17446,697.0118717,445,9.5,11.2,23.5,3.098705295,13,2.95938451,0.65,2.017041401,0.315025921,1.8,0.387443598,1.1,0.153943517,0.9,0.137515528
300093.219,83621.60952,31791.76804,15437.71896,35019.84757,27819.65535,12452.21665,2397.371591,697.0118717,435,10.2,11.45,22.5,2.972246119,12.5,2.812702349,0.6,1.872255436,0.294555926,1.7,0.359283537,1,0.151977873,0.975,0.148975155
302897.8286,80181.48002,36533.32758,18392.59485,33590.46603,28190.58409,12950.30532,2756.977329,697.0118717,415,11,12.1,23.5,3.098705295,13,2.1,0.65,2.6,0.375239715,1.9,0.381478659,1,0.150060171,0.95,0.14515528
317388.3111,83621.60952,24796.02446,9286.752811,29302.32143,30267.78503,13116.33488,1977.831562,619.5661082,450,8.6,12.1,25,3.263011127,13.5,1.5,0.65,2.1,0.300538363,1.5,0.302963415,0.8,0.117363354,0.725,0.110776398
318790.6159,82563.10814,27438.86093,7598.2523,26943.8419,30564.52802,13946.48265,2037.765852,464.6745811,350,7.8,10.2,20.5,2.51626431,9.5,1.7,0.5,1.6,0.233174409,1.2,0.252608232,0.7,0.101973797,0.625,0.095496894
295418.8698,82033.85744,41119.42615,21709.29229,40380.02832,27819.65535,12037.14277,3056.648778,774.4576352,435,11.4,10.8,22,2.934399463,12.5,1.9,0.7,2.3,0.340691261,1.8,0.387443598,1.1,0.157778921,0.95,0.14515528
303365.2635,86426.6382,34978.7179,12904.96819,36520.69818,26855.24063,12286.1871,3176.517358,619.5661082,437,10.3,9.7,19,2.555021935,11,2.714396539,0.71,2.185391606,0.337633275,1.9,0.390009909,1.05,0.1477829,0.87,0.132931677
295418.8698,82721.88334,37932.4763,17910.16614,35734.53833,27151.98363,14029.49743,3536.123096,619.5661082,444,11.6,13,26,3.440236167,14.5,3.320567762,0.74,2.283049093,0.353828551,2,0.42670122,1.2,0.170867236,1.02,0.155850932
299158.3492,81769.2321,37077.44097,17970.46973,36449.2291,28190.58409,13863.46788,3476.188807,619.5661082,465,12,13.8,27,3.617461207,15.5,3.58764434,0.82,2.498527777,0.380710624,2.1,0.43779878,1.2,0.172401398,1.04,0.158906832
301028.0889,83356.98418,38010.20678,13869.82563,30874.64112,27597.09811,16602.95554,3596.057386,619.5661082,410,11.1,12.7,27,3.515929478,14.5,3.37314325,0.78,2.323376511,0.342811593,1.8,0.387443598,1.1,0.158546002,0.96,0.14668323
307572.1778,81504.60675,28838.00964,12724.05742,30946.1102,28264.76984,12618.24621,2217.568722,619.5661082,425,21,11.1,22,2.883633599,12,2.74488342,0.61,1.841890136,0.27712689,1.5,0.337088415,1,0.134718556,0.75,0.114596273
285135.3016,86797.11368,40575.31276,15075.89742,40880.31185,30416.15652,12120.15754,3296.385937,697.0118717,485,12,8.35,18,2.530094488,11.5,2.782215468,0.7,2.188792137,0.345279114,2,0.42670122,1.2,0.171250776,1.025,0.156614907
293081.6952,83356.98418,39487.08598,21709.29229,39665.33755,27448.72662,11622.06888,2756.977329,774.4576352,410,10.2,9.8,18,2.377796895,10,2.473607705,0.65,2.003559016,0.310134322,1.75,0.381894817,1.1,0.158546002,0.96,0.14668323
300093.219,83092.35883,33035.45579,15920.14768,33733.40419,28932.44157,12618.24621,2397.371591,697.0118717,425,10.2,11.4,22,2.934399463,12.5,2.812702349,0.6,1.872255436,0.294555926,1.7,0.359283537,1,0.151977873,0.975,0.148975155
300093.219,81557.53182,34045.95209,14472.86152,34162.21865,29674.29904,11290.00977,2637.10875,697.0118717,428,9.4,10,19.5,2.69440032,12,2.758027292,0.62,1.892419144,0.289047447,1.6,0.331123476,0.9,0.13083521,0.8,0.122236025
303832.6984,83356.98418,29615.31449,13688.91486,30803.17204,27819.65535,12120.15754,2217.568722,697.0118717,432,9.8,11.4,24,3.187317815,13.5,2.3,0.6,2,0.298805409,1.6,0.314060976,0.8,0.121198758,0.775,0.118416149
303832.6984,83092.35883,28371.62674,13085.87896,29659.66682,29674.29904,13282.36443,2157.634432,619.5661082,440,9.4,12,23,3.010092775,12.5,2.878421709,0.65,1.936147092,0.285676327,1.5,0.320025915,0.9,0.128917508,0.775,0.118416149
304767.5682,81239.9814,29226.66206,12904.96819,28587.63067,29674.29904,13365.37921,2157.634432,619.5661082,420,9.5,12.1,24,3.187317815,13.5,3.040347311,0.65,1.963111862,0.295459525,1.6,0.331123476,0.9,0.134670613,0.85,0.129875776
309909.3524,82827.73348,24485.10253,9045.538452,26800.90375,30045.22778,13033.3201,1917.897273,619.5661082,438,9.3,12.4,23,3.060858639,13,2.95938451,0.65,1.936147092,0.285676327,1.5,0.320025915,0.9,0.123164402,0.7,0.106956522
310376.7873,81345.83154,24485.10253,9045.538452,28015.87805,30416.15652,12867.29054,1917.897273,619.5661082,426,7.8,11.5,22.5,2.921480255,12,2.758027292,0.62,1.82500722,0.264589453,1.35,0.294848323,0.85,0.114702543,0.64,0.09778882
313181.3968,79916.85467,23863.25865,10673.73537,28373.22344,28709.88433,13199.34965,1738.094403,619.5661082,400,8.4,11.6,21.5,2.845786943,12,2.692307931,0.57,1.720668409,0.258794255,1.4,0.308928354,0.9,0.124698564,0.72,0.110012422
287472.4762,87326.36437,42285.38341,20020.79177,41809.40985,31454.75699,7886.403881,3356.320227,697.0118717,490.16,11.64,7.26,15.8,2.21,9.64,2.32,0.73,2.29,0.34,1.97,0.4,1.09,0.16160953,1.01,0.15
312246.527,80446.10536,22697.30139,8623.413325,26372.08929,29451.7418,14527.5861,1738.094403,619.5661082,439.74,8.4,11.55,23.19,2.93,11.6,2.29,0.65,1.92,0.26,1.42,0.26,0.73,0.110042527,0.7,0.1
250919.0654,99128.65483,58220.13268,27558.74048,51457.7352,30045.22778,11622.06888,5873.560398,1006.794926,1007.068737,15.58334065,20.50084708,37.58810129,5.096512434,22.17380321,4.303362125,1.267652721,3.781554566,0.548958975,2.806971396,0.52121488,1.22906677,0.190624704,1.248318559,0.190736873
258958.946,99499.13032,55810.48767,20563.52408,47169.5906,31825.68572,11788.09843,6113.297557,929.3491622,742,17.9,17,34,4.604207167,20,4.2,1.3,4,0.597610818,3.2,0.645184451,1.7,0.253184589,1.59,0.242944099
302430.3936,90766.49388,31247.65465,8201.288197,30588.76481,32419.17171,19342.4432,3176.517358,619.5661082,596,13.4,21.5,39,4.779610268,18,3.5,0.92,3.2,0.459011419,2.3,0.477056402,1.3,0.193927601,1.22,0.186409938
296914.6616,92036.69554,32413.61192,8563.109735,24656.83145,29303.37031,19923.54665,3296.385937,619.5661082,468.0516399,12.38264525,19.7257414,35.49884313,4.335655469,16.23758895,2.855765239,0.864632626,2.772217208,0.414344665,2.220062272,0.437116566,1.117912388,0.16915602,1.080292501,0.165063326
269709.9492,102145.3838,44228.64552,13327.09332,40808.84278,34348.00114,15274.7191,4854.677471,774.4576352,785,17.3,23,42,5.615880574,24,4.9,1.35,4.5,0.639293878,3.15,0.622573171,1.6,0.240096273,1.52,0.232248447
304767.5682,84680.11091,29226.66206,10432.52102,27872.9399,29525.92755,22746.04909,3176.517358,542.1203446,516,12.5,24,45,5.335301866,19,3.6,0.89,3.3,0.468081771,2.3,0.459993902,1.2,0.180839286,1.15,0.175714286
298644.1708,86691.26354,32413.61192,12482.84306,32304.02265,28858.25582,21666.85698,3416.254517,619.5661082,541.1695882,13.01623509,22.75639277,41.38483677,4.986555513,18.26030338,3.306574625,0.927715361,2.704399513,0.408277065,2.221203045,0.425341207,1.048157331,0.16656408,1.116693862,0.170625273
263399.5778,105850.1386,47182.40392,13025.57537,45025.5183,35238.23011,15108.68954,5334.15179,774.4576352,1130,17,28,46,6.426312464,29,5.5,1.55,5,0.684645637,3.15,0.605510671,1.5,0.219337151,1.35,0.206273292
258024.0762,98176.00358,57676.01929,24121.43587,51815.08059,30193.59928,10874.93588,6113.297557,1006.794926,728,16.5,15.5,30.5,4.166676638,18.3,3.9,1.2,4,0.579267322,2.95,0.600378049,1.6,0.238562112,1.5,0.229192547
267372.7746,99499.13032,46482.82956,16523.18357,44668.17292,33012.65769,15108.68954,5274.2175,697.0118717,877,14.6,19,34,4.654973031,20.5,4.25,1.2,4,0.568261225,2.8,0.549606707,1.4,0.197043866,1.16,0.177242236
260828.6857,89178.7418,52079.42442,27679.34766,50385.69905,27597.09811,12286.1871,5214.28321,851.9033987,785,15,17,32,4.351288815,19,4.1,1.15,4,0.560923826,2.7,0.538509146,1.4,0.20087927,1.21,0.184881988
260127.5333,91824.99527,56510.06202,26714.49023,48598.97213,27819.65535,11373.02454,5753.691818,1006.794926,710,15.5,17,33,4.528513856,20,4.2,1.22,3.7,0.552056267,2.95,0.583315549,1.5,0.221638393,1.38,0.210857143
253349.727,95000.49942,56276.87057,25930.54356,52029.48782,29154.99881,12950.30532,5633.823238,929.3491622,1025,14.5,19,39,5.134971318,21.5,4,1.27,4,0.553586428,2.6,0.527411585,1.4,0.199345109,1.19,0.181826087
260828.6857,97911.37824,54566.79992,21347.47075,46597.83799,32938.47194,14195.52699,5633.823238,929.3491622,992,14.2,22,41,5.590953127,24.5,4.65,1.34,3.85,0.550986998,2.75,0.526995427,1.3,0.190859278,1.18,0.180298137
258958.946,92618.87131,58686.51558,25086.29331,49313.6629,28635.69858,13448.39399,5693.757528,929.3491622,772,12.5,16.5,35,4.679900479,20,4.05,1.22,3.7,0.515369275,2.45,0.476640244,1.2,0.169333075,1,0.152795031
269242.5143,97117.5022,49980.70135,17789.55896,46597.83799,31528.94273,13282.36443,5094.414631,851.9033987,765,12.8,17,36.5,4.742674582,19.5,3.95,1.14,3.7,0.511700576,2.4,0.471091463,1.2,0.173935559,1.06,0.161962733
258024.0762,88702.41618,58297.86316,31599.08099,50600.10628,26855.24063,11954.12799,5214.28321,1006.794926,742,13.4,15.6,32.5,4.287603742,18,3.85,1.12,3.45,0.503699493,2.6,0.510349085,1.3,0.19316052,1.21,0.184881988
276721.473,95000.49942,47026.94295,16704.09434,41452.06447,32864.28619,16270.89643,4854.677471,851.9033987,750,15.2,20.5,39.5,5.122052109,21,3.9,1.2,3.8,0.546451822,2.75,0.544057927,1.4,0.207782997,1.3,0.19863354
262698.4254,94735.87408,53400.84265,19900.1846,47026.65245,30193.59928,13863.46788,5394.086079,929.3491622,838,13.5,18,38,4.957746278,20.5,4,1.21,3.7,0.526375373,2.6,0.510349085,1.3,0.192393439,1.2,0.183354037
254985.7492,96059.00081,56743.25348,26533.57946,48241.62675,31158.014,12867.29054,5693.757528,1006.794926,989.26,15.61,19.99,39.26,5.36,22.21,4.41,1.33,3.76,0.51,2.79,0.55,1.44,0.208569255,1.27,0.18
252508.3441,99763.75566,58608.7851,27679.34766,51743.61151,30267.78503,11705.08366,5873.560398,1006.794926,1007.07,15.58,20.5,37.59,5.096270007,22.17,4.3,1.27,3.78,0.549040191,2.81,0.521710213,1.23,0.190825718,1.25,0.190993789
302243.4197,87749.76493,32802.26434,12663.75383,32661.36804,29229.18456,21915.90131,3476.188807,619.5661082,541.17,13.02,22.76,41.38,4.986158599,18.26,3.31,0.93,2.7,0.407789741,2.22,0.425522104,1.05,0.166959918,1.12,0.171130435
260548.2247,97329.20247,55810.48767,22493.23895,48598.97213,31825.68572,14029.49743,5573.888949,929.3491622,976.12,15.36,22.42,43.39,5.623623818,23.04,4.69,1.36,3.82,0.553402071,2.82,0.58424497,1.59,0.215544895,1.21,0.184881988
259519.8679,92513.02117,57831.48025,28825.11587,53172.99304,28264.76984,11456.03932,5633.823238,1006.794926,733.36,15.08,15.79,34.24,4.463984065,18.44,4.6,1.19,3.55,0.514237325,2.62,0.488681098,1.16,0.185422593,1.25,0.190993789
266063.9568,92724.72144,55421.83524,23458.09639,49813.94644,29080.81306,12535.23143,5813.626108,851.9033987,726.42,16.16,18.98,34.3,4.628945795,20.02,3.87,1.15,3.63,0.533233444,2.78,0.538855945,1.35,0.200088218,1.25,0.190993789
282096.9746,94259.54845,43529.07116,15015.59383,40880.31185,31232.19974,17599.13287,4614.940312,774.4576352,662.15,15.1,18.85,39.58,4.86412508,18.4,3.7,1.01,3.4,0.495495618,2.55,0.506506555,1.31,0.204671526,1.35,0.206273292
283826.4838,93994.92311,44772.75891,13508.00409,38807.70863,31603.12848,17350.08854,4435.137443,774.4576352,611.23,17.52,20.99,42.29,5.321052641,20.88,4.7,1.16,4.17,0.602758059,3.06,0.546041616,1.21,0.209993148,1.52,0.232248447
285509.2495,91930.8454,44150.91503,14894.98665,39951.21386,29896.85629,16935.01465,4614.940312,851.9033987,542.43,19.04,20.1,40.38,5.141957628,20.54,3.75,1.12,3.87,0.579949442,3.12,0.644837652,1.75,0.260112286,1.63,0.249055901
246945.8686,97752.60303,63272.61415,31538.7774,58604.64287,26113.38316,11373.02454,5813.626108,1161.686453,632.07,24.73,17.95,35.72,4.7953187,20.6,4.57,1.2,4.52,0.72181933,4.25,0.867496341,2.32,0.354736491,2.29,0.349900621
294904.6914,89655.06742,36144.67516,14171.34358,37807.14156,33457.77217,14693.61565,3536.123096,697.0118717,616.91,11.8,18.77,37.27,4.566420138,17.19,3.4,0.92,2.77,0.409736549,2.16,0.348907317,0.64,0.129176398,1.04,0.158906832
247833.9949,96958.72699,62106.65689,30332.70561,58318.76656,28635.69858,10127.80288,6532.837585,929.3491622,815.67,15.31,20.14,38.82,5.415788535,24.4,4.86,1.37,4.37,0.619431282,3.04,0.545528354,1.22,0.171643905,1.01,0.154322981
263259.3473,96270.70109,51613.04152,24121.43587,50099.82274,30416.15652,13780.4531,5753.691818,697.0118717,730.12,15.95,20.66,42.17,5.526201391,22.99,4.36,1.21,3.92,0.572011041,2.95,0.567959299,1.41,0.20702071,1.28,0.19557764
254284.5968,87802.69,62883.96173,33589.09945,56889.38503,27522.91236,10957.95066,6233.166136,929.3491622,926.55,14.68,23.52,47.06,6.225304486,26.23,4.75,1.34,4.29,0.588695326,2.72,0.527078659,1.32,0.18396514,1.07,0.163490683
286210.4019,92142.54568,42207.65293,14171.34358,41523.53354,33309.40068,14029.49743,3715.925966,774.4576352,948.97,11.64,21.9,43.74,5.504926105,21.61,4.1,1.19,3.15,0.445671365,2.18,0.371601829,0.76,0.146876786,1.15,0.175714286
270224.1276,89602.14235,51302.11958,25206.90049,48170.15767,28858.25582,14859.64521,5573.888949,851.9033987,740.76,15.58,20.89,44.74,5.756269307,23.34,4.44,1.21,3.84,0.552281182,2.78,0.567862195,1.52,0.213977174,1.26,0.192521739
307899.3822,86214.93792,30470.34981,10854.64614,30017.0122,32048.24297,19757.51709,3236.451648,464.6745811,534.82,11.17,19.33,41.9,5.071208399,18.71,3.66,0.81,2.93,0.416911713,2.06,0.375347256,0.86,0.133117275,0.87,0.132931677
267419.5181,90713.56881,55655.0267,31599.08099,50099.82274,27819.65535,8467.507325,4555.006023,851.9033987,537,12.3,12.9,20,3.2,14.1,3.3,1,3,0.4,2.4,0.5,1.2,0.2,1.1,0.2
255453.1841,92724.72144,58764.24607,36242.4574,52172.42597,26410.12615,4482.797996,5214.28321,929.3491622,564,12.4,9.4,21.1,2.8,13.4,2.7,1,2.7,0.4,2.3,0.4,1.1,0.2,1.1,0.1
260922.1727,98070.15345,56043.67912,19478.05947,53244.46212,29896.85629,10376.84721,5573.888949,851.9033987,527,22.6,20.8,25.7,4.4,19.1,4,1.1,3.9,0.5,3.3,0.6,1.8,0.2,1.6,0.3
264755.139,90237.24319,55810.48767,31237.25946,50885.98259,27597.09811,8218.462992,4614.940312,851.9033987,529,14.4,13.4,18.5,3.3,14,3.2,0.8,2.9,0.4,2.4,0.5,1.2,0.2,1.2,0.2
296353.7397,83886.23487,33890.49112,12362.23588,33233.12065,31009.6425,11788.09843,2936.780199,619.5661082,437.55,10.18,11.54,23.64,3.05,12.21,2.66,0.77,2.26,0.32,1.75,0.34,0.91,0.133908327,0.83,0.13
318323.1809,84150.86021,24796.02446,5970.055379,26943.8419,32641.72895,12037.14277,2157.634432,464.6745811,462.91,7.49,12.51,25.55,3.38,13.43,2.7,0.76,2.02,0.27,1.34,0.25,0.63,0.09542005,0.61,0.08
279526.0825,82827.73348,46171.90762,26835.09741,45382.86368,28561.51283,13697.43832,3596.057386,774.4576352,643.48,12.42,18.57,37.58,4.77,19.38,3.8,1.05,3.06,0.42,2.21,0.42,1.11,0.160852038,0.98,0.14
258491.5111,89443.36715,61562.5435,33468.49227,53601.8075,26558.49764,6807.211771,4974.546051,1006.794926,454,18.6,12,24,3.441147137,16,4,1.14,3.7,0.574068462,3.25,0.667795732,1.8,0.264738742,1.64,0.250583851
259426.3809,93941.99804,58764.24607,24905.38254,53601.8075,29229.18456,8384.492547,5394.086079,929.3491622,617,17,12.5,27,3.668227071,16,3.7,1.09,3.6,0.542985915,2.95,0.608909299,1.65,0.248558133,1.58,0.241416149
287005.0413,84150.86021,44928.21988,21407.77434,42881.446,27300.35512,11123.98021,3476.188807,851.9033987,410,14.2,11,22.5,2.982399292,12.6,2.9,0.82,2.95,0.443672938,2.4,0.488153963,1.3,0.196228843,1.25,0.190993789
292146.8254,86267.86299,42440.84438,17005.61229,38950.64678,28561.51283,12203.17232,3416.254517,697.0118717,410,11,10.8,22.5,2.840254872,11.2,2.35,0.81,2.45,0.368971586,2,0.40963872,1.1,0.163148486,1.02,0.155850932
292614.2603,84680.11091,41896.73099,16885.00511,38950.64678,30119.41353,12369.20188,3476.188807,697.0118717,420,12.5,12,24.5,3.174398606,13,2.8,0.83,2.9,0.424462965,2.2,0.448896341,1.2,0.172401398,1.04,0.158906832
293081.6952,84680.11091,41352.6176,16764.39793,38950.64678,29006.62732,12369.20188,3476.188807,697.0118717,425,11.8,11.6,24,3.136551951,13,3,0.82,2.7,0.402653563,2.15,0.434816311,1.15,0.167007861,1.02,0.155850932
299158.3492,86797.11368,38709.78114,13749.21845,38378.89417,30787.08526,12286.1871,3476.188807,697.0118717,465,10.5,12,24,3.116245605,12.8,2.8,0.83,2.65,0.38344359,1.95,0.387027439,1,0.143156444,0.86,0.131403727
300093.219,86003.23764,37310.63242,13085.87896,37306.85802,29080.81306,11705.08366,3356.320227,619.5661082,447,10,11.4,23,2.989786429,12.3,2.75,0.8,2.55,0.36703584,1.85,0.375929878,1,0.142389363,0.85,0.129875776
265503.0349,92089.62061,56276.87057,24905.38254,52887.11674,26855.24063,7305.300437,4195.400284,851.9033987,464,13.6,7.7,16,2.307635655,10.8,2.6,0.87,2.95,0.447341637,2.45,0.493702744,1.3,0.190092197,1.17,0.178770186
285135.3016,85738.61229,47726.51731,22191.721,41094.71908,28709.88433,9546.699435,3955.663125,774.4576352,427,10.6,8.8,18.5,2.476562588,10.6,2.6,0.85,2.45,0.365302886,1.95,0.387027439,1,0.148526009,0.93,0.142099379
288874.7809,85738.61229,46327.36859,21347.47075,41452.06447,29525.92755,8882.581214,3655.991676,697.0118717,422,9.6,9.1,20,2.630715247,11,2.7,0.81,2.3,0.340691261,1.8,0.353318598,0.9,0.133136452,0.83,0.126819876
289809.6508,84680.11091,47026.94295,20563.52408,40737.3737,28487.32708,9961.773324,3955.663125,774.4576352,429,11.4,10.3,21,2.858706152,12.5,2.75,0.86,2.8,0.404386516,2.05,0.40665625,1.05,0.152385384,0.93,0.142099379
289809.6508,85738.61229,42674.03583,22312.32818,40737.3737,29451.7418,10708.90632,3416.254517,697.0118717,424,11.6,10.4,21.5,2.723948869,10.8,2.85,0.79,2.45,0.372640285,2.05,0.398125,1,0.158498059,1.06,0.161962733
290277.0857,86797.11368,44461.83697,17548.3446,41094.71908,28487.32708,11040.96543,3775.860256,697.0118717,400,12.2,10.8,23.5,3.047939431,12.5,3.1,0.86,2.75,0.418194836,2.3,0.442931402,1.1,0.162381405,1.01,0.154322981
291679.3905,86267.86299,45783.2552,18091.0769,41452.06447,28264.76984,10459.86199,3895.728835,774.4576352,397,12.5,11.2,26,3.287938574,13,2.85,0.88,2.85,0.427265188,2.3,0.459993902,1.2,0.173168478,1.05,0.160434783
293549.1301,84680.11091,40575.31276,16161.36203,37449.79617,29896.85629,12535.23143,3416.254517,697.0118717,426,12.4,11,24.5,3.123632742,12.5,2.7,0.81,2.8,0.411723914,2.15,0.426285061,1.1,0.162381405,1.01,0.154322981
295886.3047,84680.11091,38476.58969,16583.48716,35377.19295,31306.38549,11206.99499,3236.451648,697.0118717,417,11.2,10.3,21.5,2.795021079,11.5,2.6,0.79,2.6,0.378908414,1.95,0.387027439,1,0.150060171,0.95,0.14515528
296353.7397,83886.23487,41741.27002,16221.66562,38593.3014,29971.04203,10293.83243,3536.123096,697.0118717,419,10.9,9.7,20,2.630715247,11,2.5,0.77,2.6,0.375239715,1.9,0.372947409,0.95,0.140831231,0.88,0.134459627
296821.1746,84680.11091,38787.51162,15558.32614,36806.57448,30416.15652,10957.95066,3236.451648,619.5661082,415,10.8,10.5,20.8,2.843567489,12.5,2.6,0.78,2.6,0.378908414,1.95,0.378496189,0.95,0.146200796,0.95,0.14515528
297288.6095,84680.11091,40497.58228,15317.11178,37521.26525,30119.41353,10376.84721,3416.254517,619.5661082,412,10.2,10.9,22,2.893786772,12.1,2.85,0.8,2.55,0.370704539,1.9,0.381478659,1,0.141622283,0.84,0.128347826
299158.3492,84680.11091,37543.82387,13146.18255,34448.09495,30935.45675,13116.33488,3296.385937,619.5661082,423,10.7,10,21.5,2.795021079,11.5,2.55,0.77,2.45,0.361634187,1.9,0.372947409,0.95,0.14006415,0.87,0.132931677
300326.9365,86797.11368,38087.93726,14774.37947,36449.2291,30787.08526,11206.99499,3296.385937,619.5661082,408,11,10.2,22,2.883633599,12,2.75,0.76,2.4,0.360767711,1.95,0.395558689,1.05,0.152385384,0.93,0.142099379
300560.6539,84680.11091,39176.16404,15136.20101,35877.47649,29822.67054,11040.96543,3416.254517,619.5661082,425,10.2,10.8,22,2.893786772,12.1,2.75,0.79,2.4,0.360767711,1.95,0.387027439,1,0.14929309,0.94,0.143627329
300794.3714,83621.60952,35211.90935,13146.18255,35377.19295,30416.15652,11373.02454,3116.583068,619.5661082,420,11,12.5,24.5,3.245470816,13.7,2.8,0.82,2.7,0.387978766,1.95,0.378496189,0.95,0.143899554,0.92,0.140571429
302897.8286,84150.86021,38709.78114,14171.34358,35591.60018,30193.59928,11206.99499,3356.320227,619.5661082,425,10.4,11.5,22,2.964858982,12.8,2.6,0.82,2.6,0.371571016,1.85,0.375929878,1,0.143156444,0.86,0.131403727
303832.6984,86003.23764,36377.86661,12904.96819,34662.50218,31825.68572,11456.03932,3176.517358,619.5661082,414,10.2,11,22.5,2.840254872,11.2,2.7,0.77,2.5,0.373506761,2,0.39257622,1,0.145457686,0.89,0.135987578
310844.2222,81504.60675,30781.27175,10794.34255,30731.70297,31454.75699,12618.24621,2876.845909,464.6745811,405,8.1,12,23,3.03039912,12.7,2.6,0.74,2.3,0.322347765,1.55,0.308512195,0.8,0.111610248,0.65,0.09931677
315518.5714,88120.24041,24251.91107,5668.53743,28230.28528,33531.95792,11622.06888,2037.765852,464.6745811,470,7.2,11.8,24.5,3.225164471,13.5,2.9,0.79,2.1,0.293200964,1.4,0.274803354,0.7,0.096987772,0.56,0.085565217
318323.1809,84150.86021,24796.02446,5970.055379,26943.8419,32641.72895,12037.14277,2157.634432,464.6745811,448,7.2,12.5,25,3.293470645,13.8,2.55,0.76,2.15,0.301404839,1.45,0.263289634,0.6,0.088501941,0.55,0.084037267
279526.0825,82827.73348,46171.90762,26835.09741,45382.86368,28561.51283,13697.43832,3596.057386,774.4576352,620,11.9,18,35,4.57836875,19,3.8,1.03,3.05,0.434399794,2.15,0.426285061,1.1,0.158546002,0.96,0.14668323
289342.2159,80710.73071,43140.41874,22191.721,42309.69339,28784.07007,13199.34965,3596.057386,774.4576352,550,12,15,28,3.743920383,16,3.25,0.96,2.85,0.412590391,2.1,0.42926753,1.15,0.162405377,0.96,0.14668323
289809.6508,82139.70758,43140.41874,21347.47075,41166.18816,29303.37031,13282.36443,3596.057386,697.0118717,548,11.2,15.6,31.5,4.008846973,16,3.35,0.91,2.6,0.378908414,1.95,0.387027439,1,0.147758929,0.92,0.140571429
291211.9555,81398.75661,41974.46148,20442.9169,41666.4717,29154.99881,13033.3201,3476.188807,697.0118717,546,11.2,14.6,30,3.793775277,15,3,0.91,3,0.411521122,1.9,0.398541159,1.1,0.153943517,0.9,0.137515528
289342.2159,88808.26631,39564.81646,17668.95178,41452.06447,27597.09811,11456.03932,3416.254517,697.0118717,416,20.5,13.2,32,4.605118137,21.5,5,0.99,5.3,0.752212383,3.7,0.717734756,1.8,0.269341227,1.7,0.259751553
290744.5206,90237.24319,37310.63242,16704.09434,41809.40985,28042.2126,11539.0541,3416.254517,697.0118717,424,23,13.5,33,4.630045584,21,4.8,1.01,5.6,0.790429536,3.85,0.768506098,2,0.303955745,1.95,0.297950311
292146.8254,86003.23764,41274.88712,17005.61229,37163.91987,29303.37031,12452.21665,3416.254517,697.0118717,408,13.3,14.5,28.5,3.639622619,14.6,3,0.86,2.95,0.43266684,2.25,0.454445122,1.2,0.171634317,1.03,0.157378882
292146.8254,84150.86021,40886.2347,16824.70152,37163.91987,28561.51283,12286.1871,3476.188807,697.0118717,410,11.5,11.5,24,3.085786086,12.5,2.75,0.78,2.75,0.403520039,2.1,0.42073628,1.1,0.161614325,1,0.152795031
292847.9778,84680.11091,41041.69566,17005.61229,37878.61063,29377.55605,12452.21665,3476.188807,697.0118717,423,11,11.6,24,3.136551951,13,2.75,0.79,2.65,0.390780988,2.05,0.4151875,1.1,0.157778921,0.95,0.14515528
293081.6952,85209.3616,40808.50421,16704.09434,39307.99217,29822.67054,11954.12799,3775.860256,697.0118717,457,12.3,12.5,26,3.369163957,13.8,3.2,0.87,3,0.437202016,2.25,0.437382622,1.1,0.163915567,1.03,0.157378882
296821.1746,84680.11091,39176.16404,15859.84409,36449.2291,29674.29904,11788.09843,3296.385937,697.0118717,412,11.8,11.8,24,3.116245605,12.8,3.05,0.78,2.7,0.395316164,2.05,0.40665625,1.05,0.15775495,1,0.152795031
299625.7841,87326.36437,33968.2216,10010.39589,33590.46603,30119.41353,11871.11321,3236.451648,542.1203446,476,9.1,12.5,26,3.389470302,14,2.9,0.83,2.6,0.360564918,1.7,0.325158537,0.8,0.117746894,0.73,0.111540373
280928.3873,89443.36715,40264.39082,15739.23691,36091.88372,28784.07007,9795.743768,3655.991676,697.0118717,410,11.2,10,21,2.807940287,12,2.8,0.85,2.65,0.387112289,2,0.39257622,1,0.14929309,0.94,0.143627329
285135.3016,81504.60675,44772.75891,26412.97228,45311.39461,27077.79788,9297.655102,3536.123096,774.4576352,410,12,10,21,2.807940287,12,2.75,0.81,2.6,0.389914512,2.1,0.43779878,1.2,0.173935559,1.06,0.161962733
289342.2159,83886.23487,40653.04324,15678.93332,36806.57448,24184.55372,12203.17232,3356.320227,619.5661082,402,10,10.2,20,2.71194063,11.8,2.5,0.75,2.4,0.353430312,1.85,0.367398628,0.95,0.136228746,0.82,0.125291925
294016.5651,86267.86299,39487.08598,16101.05845,37664.2034,30416.15652,10874.93588,3356.320227,697.0118717,408,11.2,10.5,22,2.822714562,11.4,2.6,0.79,2.6,0.378908414,1.95,0.404089939,1.1,0.159313082,0.97,0.14821118
294016.5651,82563.10814,40808.50421,13085.87896,35019.84757,27003.61213,9961.773324,3416.254517,619.5661082,390,10,10.2,20,2.630715247,11,2.45,0.78,2.65,0.372437492,1.8,0.370381098,1,0.137019798,0.78,0.119180124
294484,84680.11091,37388.36291,14834.68306,35019.84757,31158.014,11290.00977,3356.320227,619.5661082,410,10.6,11.4,24.5,3.143939088,12.7,2.65,0.81,2.45,0.361634187,1.9,0.372947409,0.95,0.143132473,0.91,0.139043478
296353.7397,83886.23487,33890.49112,12362.23588,33233.12065,31009.6425,11788.09843,2936.780199,619.5661082,420,10,11.5,24.5,3.113479569,12.4,2.5,0.77,2.5,0.358831965,1.8,0.370381098,1,0.143923525,0.87,0.132931677
296353.7397,85209.3616,38787.51162,16281.96921,37163.91987,30045.22778,11954.12799,3296.385937,619.5661082,424,10.8,10.2,20,2.833778704,13,2.75,0.74,2.7,0.402653563,2.15,0.400691311,0.95,0.147734957,0.97,0.14821118
296821.1746,86003.23764,37777.01533,14593.4687,37163.91987,30787.08526,10708.90632,3176.517358,619.5661082,420,10.7,11.8,24,3.035020222,12,2.85,0.79,2.45,0.361634187,1.9,0.381478659,1,0.151594332,0.97,0.14821118
296821.1746,84680.11091,38476.58969,15075.89742,36806.57448,29822.67054,11123.98021,3176.517358,619.5661082,420,10.9,10.6,21.5,2.886399634,12.4,2.7,0.75,2.6,0.378908414,1.95,0.378496189,0.95,0.144666634,0.93,0.142099379
296821.1746,85315.21174,37466.09339,12724.05742,35734.53833,28487.32708,11290.00977,3296.385937,619.5661082,426,10,11.2,21.5,2.845786943,12,2.55,0.74,2.4,0.349761613,1.8,0.353318598,0.9,0.133903533,0.84,0.128347826
296821.1746,86797.11368,39020.70307,15377.41537,37163.91987,31158.014,11206.99499,3416.254517,619.5661082,463,10.7,11.5,22,2.985165327,13,2.65,0.81,2.45,0.361634187,1.9,0.381478659,1,0.146991848,0.91,0.139043478
297288.6095,89972.61784,37777.01533,10854.64614,35377.19295,31232.19974,9878.758546,2996.714489,697.0118717,453,11.6,11.2,24,3.116245605,12.8,2.9,0.87,2.6,0.389914512,2.1,0.41220503,1.05,0.159289111,1.02,0.155850932
299158.3492,85209.3616,36688.78855,14533.16511,35377.19295,30712.89951,11290.00977,3176.517358,619.5661082,422,10.5,10.8,21,2.858706152,12.5,2.65,0.77,2.45,0.361634187,1.9,0.372947409,0.95,0.142365392,0.9,0.137515528
299158.3492,84680.11091,36533.32758,13025.57537,35948.94556,29229.18456,12452.21665,3296.385937,619.5661082,415,10.5,10.8,22,2.954705809,12.7,2.97652619,0.7,2.134862597,0.325712718,1.8,0.370381098,1,0.140855202,0.83,0.126819876
299158.3492,88649.49111,35911.48371,10070.69948,32875.77527,31899.87147,10542.87677,2816.911619,619.5661082,441,11.6,11.8,25,3.212245262,13,3,0.85,2.6,0.378908414,1.95,0.387027439,1,0.155429736,1.02,0.155850932
299158.3492,85738.61229,37854.74581,14714.07588,36449.2291,30712.89951,11040.96543,3236.451648,619.5661082,404,10.9,11,23,2.857795182,11,2.55,0.78,2.45,0.368971586,2,0.40963872,1.1,0.157778921,0.95,0.14515528
299158.3492,86267.86299,38476.58969,15317.11178,36449.2291,31158.014,11373.02454,3356.320227,619.5661082,435,10.5,10.8,22.5,2.972246119,12.5,2.6,0.77,2.45,0.357965488,1.85,0.367398628,0.95,0.141598311,0.89,0.135987578
300093.219,84150.86021,35678.29225,13206.48614,34733.97126,30861.27101,12535.23143,3176.517358,619.5661082,420,10.4,11.8,23.5,3.068245776,12.7,2.7,0.78,2.5,0.366169363,1.9,0.372947409,0.95,0.140831231,0.88,0.134459627
300560.6539,82827.73348,35445.1008,12663.75383,35734.53833,29154.99881,11123.98021,3116.583068,619.5661082,415,10.8,12.2,22.5,2.891020736,11.7,2.75,0.8,2.6,0.375239715,1.9,0.381478659,1,0.147758929,0.92,0.140571429
300560.6539,84415.48556,33890.49112,12965.27178,31803.73912,28264.76984,12286.1871,3116.583068,542.1203446,394,10,11.8,23.5,3.047939431,12.5,2.65,0.74,2.5,0.358831965,1.8,0.361849848,0.95,0.139297069,0.86,0.131403727
300560.6539,83621.60952,37388.36291,13206.48614,35234.2548,30564.52802,12452.21665,3296.385937,619.5661082,421,10.6,10,21,2.757174423,11.5,2.4,0.78,2.45,0.357965488,1.85,0.358867378,0.9,0.134670613,0.85,0.129875776
300794.3714,83356.98418,35600.56177,13568.30768,36663.63633,29674.29904,10957.95066,3176.517358,619.5661082,420,10.5,11.8,24,3.085786086,12.5,2.8,0.8,2.45,0.368971586,2,0.39257622,1,0.147758929,0.92,0.140571429
301028.0889,84150.86021,33657.29966,12060.71794,34662.50218,29006.62732,12950.30532,2756.977329,619.5661082,464,11.2,17,33,4.325450398,18,3,0.94,2.9,0.413456868,2.05,0.4151875,1.1,0.165449728,1.05,0.160434783
301962.9587,83092.35883,36144.67516,13085.87896,35520.1311,29303.37031,12203.17232,3176.517358,619.5661082,415,10.4,11.5,24.5,3.174398606,13,2.8,0.79,2.5,0.362500664,1.85,0.367398628,0.95,0.140831231,0.88,0.134459627
301962.9587,84680.11091,31325.38514,10372.21743,32875.77527,29748.48479,12452.21665,2577.17446,619.5661082,415,9.8,13.4,24,3.187317815,13.5,2.9,0.81,2.8,0.38604302,1.8,0.387443598,1.1,0.160080163,0.98,0.14973913
301962.9587,83092.35883,32491.3424,10613.43178,30731.70297,29896.85629,11622.06888,2816.911619,619.5661082,415,9.8,11.7,23,3.010092775,12.5,2.4,0.75,2.35,0.341557738,1.75,0.347769817,0.9,0.133136452,0.83,0.126819876
302897.8286,84944.73625,33657.29966,11276.77127,33876.34234,30638.71376,12286.1871,2756.977329,619.5661082,442,10,13.5,26.5,3.478082823,14.5,3,0.81,2.6,0.364233617,1.75,0.381894817,1.1,0.160080163,0.98,0.14973913
308039.6127,84680.11091,29537.584,9105.842042,31446.39373,31158.014,12120.15754,2517.24017,542.1203446,386,9.2,10.8,21.5,2.795021079,11.5,2.45,0.75,2.8,0.375036922,1.65,0.336672256,0.9,0.132369371,0.82,0.125291925
309675.6349,85209.3616,30548.0803,9648.574349,32161.0845,31158.014,12369.20188,2577.17446,542.1203446,385,9.6,11.6,21,2.807940287,12,2.4,0.79,2.4,0.346092914,1.75,0.356301067,0.95,0.143132473,0.91,0.139043478
308974.4825,86532.48833,32180.42046,11035.55691,32518.42988,29822.67054,12203.17232,2756.977329,619.5661082,414,10.2,11.8,24,3.035020222,12,2.7,0.74,2,0.309811507,1.75,0.347769817,0.9,0.140040179,0.92,0.140571429
322530.0952,79652.22932,20598.57832,4583.072816,21440.723,31899.87147,11622.06888,1977.831562,387.2288176,453,5.8,15.2,31,3.971000318,16,3.3,0.84,2.3,0.30033557,1.25,0.224032012,0.5,0.067742818,0.38,0.058062112
322530.0952,78858.35328,20443.11735,4522.769226,21440.723,34125.4439,11954.12799,1977.831562,387.2288176,455,5.7,15.3,32,3.995927765,15.5,3.25,0.82,2.4,0.309405922,1.25,0.224032012,0.5,0.065441576,0.35,0.053478261
327204.4444,78752.50314,19588.08202,4040.340509,21798.06838,33754.51516,11871.11321,1857.962983,387.2288176,455,5.4,16,33,4.325450398,18,3.2,0.9,2.8,0.334681231,1.1,0.190323171,0.4,0.060024068,0.38,0.058062112
315518.5714,87061.73903,26039.71221,6452.484096,27730.00175,33086.84343,11705.08366,2217.568722,542.1203446,463,7.4,12,25,3.263011127,13.5,2.7,0.79,2,0.284130612,1.4,0.266272104,0.65,0.093128397,0.56,0.085565217
316453.4412,85473.98695,24329.64156,6392.180506,26657.9656,33161.02918,11954.12799,2037.765852,542.1203446,454,7.8,12.5,25,3.263011127,13.5,2.8,0.77,2.25,0.310475191,1.45,0.280352134,0.7,0.100823175,0.61,0.093204969
289342.2159,81239.9814,43917.72358,22553.54254,43739.07492,28190.58409,12867.29054,3655.991676,774.4576352,550,11.5,16.2,30.5,3.983919526,16.5,3.55,0.93,2.8,0.400717817,2,0.40963872,1.1,0.158546002,0.96,0.14668323
289809.6508,81081.20619,41430.34809,21347.47075,41452.06447,28561.51283,13448.39399,3476.188807,697.0118717,535,11.2,16,32,4.097459494,16.5,3.35,0.9,3,0.415189821,1.95,0.387027439,1,0.148526009,0.93,0.142099379
292146.8254,82563.10814,42829.4968,20623.82767,40737.3737,28042.2126,13282.36443,3655.991676,697.0118717,525,11.4,16.5,34,4.40114371,18,4.031889961,0.85,2.542255725,0.377339504,2,0.39257622,1,0.144307065,0.875,0.133695652
296353.7397,83886.23487,41741.27002,16221.66562,38593.3014,29971.04203,10293.83243,3536.123096,697.0118717,419,10.9,9.7,20,2.630715247,11,2.5,0.77,2.6,0.375239715,1.9,0.372947409,0.95,0.140831231,0.88,0.134459627
299158.3492,84680.11091,37543.82387,13146.18255,34448.09495,30935.45675,13116.33488,3296.385937,619.5661082,423,10.7,10,21.5,2.795021079,11.5,2.55,0.77,2.45,0.361634187,1.9,0.372947409,0.95,0.14006415,0.87,0.132931677
299158.3492,84680.11091,36533.32758,13025.57537,35948.94556,29229.18456,12452.21665,3296.385937,619.5661082,415,10.5,10.8,22,2.954705809,12.7,2.97652619,0.7,2.134862597,0.325712718,1.8,0.370381098,1,0.140855202,0.83,0.126819876
300560.6539,83621.60952,37388.36291,13206.48614,35234.2548,30564.52802,12452.21665,3296.385937,619.5661082,421,10.6,10,21,2.757174423,11.5,2.4,0.78,2.45,0.357965488,1.85,0.358867378,0.9,0.134670613,0.85,0.129875776
303832.6984,86003.23764,36377.86661,12904.96819,34662.50218,31825.68572,11456.03932,3176.517358,619.5661082,414,10.2,11,22.5,2.840254872,11.2,2.7,0.77,2.5,0.373506761,2,0.39257622,1,0.145457686,0.89,0.135987578
301962.9587,85209.3616,36844.24952,13085.87896,34305.1568,31528.94273,11290.00977,3116.583068,619.5661082,405,10,10.2,22.5,2.87071439,11.5,2.55,0.73,2.2,0.324283511,1.7,0.359283537,1,0.142389363,0.85,0.129875776
327204.4444,78593.72794,19432.62105,4100.644098,21869.53746,33680.32942,11788.09843,1917.897273,387.2288176,455,5.5,16.1,33,4.22391867,17,3,0.91,2.9,0.351088981,1.2,0.218483232,0.5,0.066975738,0.37,0.056534161
271112.2539,93148.122,48270.6307,21226.86357,49885.41551,26706.86914,10459.86199,3715.925966,929.3491622,1088.64,18.82,19.08,36.87,4.62,19.05,3.8,1.11,3.3,0.48,2.96,0.64,1.83,0.28009474,1.81,0.29
287005.0413,92618.87131,42363.1139,14653.77229,45525.80184,28635.69858,7803.389104,2876.845909,929.3491622,759.43,15.41,13.99,27.76,3.53,14.65,2.92,0.88,2.59,0.4,2.43,0.51,1.43,0.220070672,1.43,0.23
277656.3428,91560.36992,46482.82956,19538.36306,48241.62675,27151.98363,9546.699435,3356.320227,929.3491622,1009.08,16.97,20.56,39.38,4.85,19.47,3.79,1.09,3.18,0.45,2.74,0.57,1.65,0.251626456,1.62,0.24
293081.6952,82457.258,35289.63983,20623.82767,34733.97126,28116.39834,14859.64521,3176.517358,619.5661082,517.39,10.6,15.45,29.96,3.7,14.77,2.87,0.78,2.52,0.34,1.84,0.36,0.94,0.140059356,0.88,0.13
271112.2539,84415.48556,51768.50249,30031.18766,52172.42597,25074.78269,8550.522103,3536.123096,929.3491622,459.73,13.3,9.25,19,2.47,10.38,2.42,0.76,2.45,0.36,2.18,0.45,1.27,0.191611976,1.22,0.18
265035.6,93941.99804,55266.37428,26955.70459,54173.56012,28784.07007,7720.374326,3955.663125,929.3491622,533.9,14.6,9,18.62,2.61,11.47,2.69,0.87,2.72,0.4,2.41,0.51,1.37,0.206234453,1.31,0.19
296353.7397,68432.11463,58997.43752,30815.13433,51672.14243,17136.9077,747.1329993,1378.488665,929.3491622,242,5.8,2.69,6.08,0.83,3.83,1,0.36,1.16,0.17,1,0.2,0.55,0.083,0.54,0.093
248114.4559,84627.18584,61795.73495,47278.01431,58318.76656,25965.01166,10293.83243,5813.626108,1006.794926,700.83,14.07,14.68,31.43,4.160922621,17.55,3.74,1.13,3.5,0.511903368,2.65,0.550022866,1.5,0.197091809,1.06,0.161962733
245870.7682,83621.60952,62961.69221,48544.38969,58604.64287,25371.52568,9712.728991,5933.494687,1006.794926,731,14.8,15,30,4.149136328,18.5,4.05,1.18,3.55,0.520107244,2.7,0.521446646,1.3,0.193927601,1.22,0.186409938
245870.7682,83621.60952,62728.50076,49147.42559,57175.26134,25965.01166,9712.728991,5873.560398,1006.794926,720,14.4,15,30,4.149136328,18.5,4,1.17,3.55,0.520107244,2.7,0.512915396,1.25,0.188534064,1.2,0.183354037
267372.7746,85632.76216,49514.31844,28644.2051,47884.28137,30638.71376,15689.79298,5274.2175,774.4576352,1000,12.8,23,48,6.222338037,25.5,5.2,1.27,3.4,0.484489521,2.4,0.479622713,1.25,0.177794934,1.06,0.161962733
266437.9047,85738.61229,49203.39651,28644.2051,47884.28137,29525.92755,15523.76343,5334.15179,774.4576352,1010,13,22,49,6.298031348,25.5,5,1.26,3.45,0.485355997,2.35,0.465542683,1.2,0.17470264,1.07,0.163490683
267840.2095,85315.21174,49281.12699,28644.2051,48241.62675,30045.22778,15357.73387,5334.15179,774.4576352,1000,12.8,22,48,6.171572173,25,4.8,1.21,3.4,0.480820822,2.35,0.465542683,1.2,0.171634317,1.03,0.157378882
246805.6381,83886.23487,62262.11785,47639.83585,58604.64287,25742.45442,9712.728991,5933.494687,1006.794926,741.68,15.74,15.28,32.7,4.32,18.94,4.02,1.27,3.74,0.52,2.86,0.55,1.49,0.21319571,1.28,0.18
257837.1022,72560.27003,86902.68135,25749.63279,46240.4926,29748.48479,8882.581214,4135.465994,1471.469507,90,22,4.6,10.9,1.7,8.7,2.2,0.8,2.7,0.4,2.8,0.6,1.7,0.2,1.7,0.3
229977.9809,90766.49388,90322.82266,29066.33023,48670.44121,37167.05955,747.1329993,4435.137443,1084.240689,175,33,7.2,9.4,1.9,9.2,2.8,0.9,3.5,0.6,4,1,3.1,0.5,3.1,0.5
272561.3022,89496.29222,50213.8928,21588.68511,38307.42509,35386.60161,830.147777,3296.385937,1006.794926,298,19,6.5,14.5,2.1,8.9,2.6,0.9,2.8,0.4,3,0.6,2,0.3,2.1,0.3
293782.8476,91560.36992,29770.77545,13085.87896,33233.12065,31751.49998,10542.87677,1618.225824,697.0118717,445,6,5.1,10.2,1.4,6,1.1,0.4,1,0.1,1,0.2,0.5,0.1,0.6,0.1
322623.5822,87326.36437,13525.10425,4643.376406,25728.8676,34867.30138,10376.84721,1318.554375,387.2288176,627,6,4.3,9.3,1.2,5.3,1.1,0.4,1,0.1,0.7,0.1,0.3,0.1,0.3,0.1
231894.4641,84574.26077,80684.24261,39016.42252,45168.45645,36054.27334,830.147777,5274.2175,1084.240689,118,17,7,15,2.1,9.8,2.4,0.8,2.7,0.4,2.9,0.6,1.7,0.3,1.7,0.3
237129.7352,80393.18029,75631.76114,41127.04816,46812.24522,38279.84577,415.0738885,4495.071733,1161.686453,144,15,7.3,13.9,1.9,8.9,2.3,0.7,2.1,0.4,2.5,0.6,1.6,0.3,1.9,0.3
254004.1359,87696.83986,65449.06771,19357.45229,42309.69339,45104.93455,1909.339887,4914.611761,1239.132216,162,21,7.7,17.9,2.5,12.3,3.1,1,3.1,0.5,3.6,0.8,2.4,0.3,2.2,0.3
284808.0971,87538.06465,34900.98741,8924.931273,44668.17292,34125.4439,8965.595991,4135.465994,387.2288176,558,8,8.7,19.3,2.6,12.1,2.8,0.8,2.4,0.3,1.4,0.2,0.6,0.1,0.5,0.1
246852.3816,86638.33847,68480.55659,38533.99381,29445.25959,41247.27567,3984.709329,4075.531704,1703.806797,207,15,3.6,8.6,1.3,6.2,1.8,0.7,2.1,0.4,2.7,0.5,1.6,0.3,1.6,0.2
301448.7803,89813.84263,22619.57091,5970.055379,36592.16725,31306.38549,5229.930995,1618.225824,464.6745811,466,10,8.6,19,2.5,11.4,2.4,0.6,1.8,0.2,1.4,0.3,0.8,0.2,1,0.1
249797.2216,94682.94901,67703.25175,27980.86561,71254.66944,16543.42172,2656.472886,4614.940312,1239.132216,193,19,3.1,7.9,1.3,6.9,1.9,0.7,2.4,0.4,3.3,0.7,2.1,0.3,2,0.3
235820.9174,97117.5022,57287.36687,52765.64097,66537.71038,18249.69391,11373.02454,4614.940312,1394.023743,306,18.5,4.71,10.91,1.62,7.51,2.39,0.83,2.61,0.42,2.78,0.6,1.8,0.29,1.99,0.3
246384.9466,84097.93515,61018.43011,68384.2707,54673.84365,14540.40653,4316.76844,4255.334574,1239.132216,142,34.2,8.52,16.81,2.11,9.65,2.58,0.94,3.49,0.66,4.33,0.98,2.98,0.47,2.97,0.44
252508.3441,86850.03875,58064.67171,47157.40713,61749.28224,27671.28386,1245.221665,3895.728835,1161.686453,106,15.7,3.15,7.86,1.25,6.01,1.76,0.77,2.17,0.4,2.55,0.54,1.5,0.25,1.62,0.23
294437.2565,62398.65673,53089.92072,22493.23895,59891.08625,32196.61446,415.0738885,2876.845909,1548.91527,87,11.3,1.74,4.34,0.68,3.85,1.25,0.47,1.62,0.3,1.77,0.38,1.18,0.18,1.26,0.18
274290.8114,86744.18861,49980.70135,28342.68715,46383.43076,26410.12615,13946.48265,3655.991676,1316.57798,144,16.5,5.34,12.4,1.75,8.14,2.33,0.75,2.46,0.42,2.57,0.58,1.69,0.27,1.74,0.28
256762.0019,84944.73625,66537.29449,37991.2615,70254.10237,12537.39135,4980.886662,2936.780199,1703.806797,551,11.3,7.52,15.3,2.15,9.34,2.51,0.8,2.12,0.35,2.01,0.39,1.08,0.16,1.09,0.16
251479.9873,101457.3579,69957.43579,20442.9169,66466.2413,18546.4369,6309.123105,5454.020369,1471.469507,331,22.4,7,16.22,2.43,11.01,2.94,1.13,3.58,0.61,3.8,0.79,2.35,0.37,2.42,0.36
254845.5187,92195.47075,84415.30586,27257.22254,40094.15201,27077.79788,2905.517219,7072.246193,2400.818669,290,28.8,5.87,14.08,2.31,11.53,3.79,1.31,4.12,0.75,4.82,1.04,3,0.46,3.09,0.49
244468.4635,85209.3616,55110.91331,38594.2974,53244.46212,26113.38316,11871.11321,5993.428977,929.3491622,865,16,29.5,56,7.081713851,28,4.85,1.46,4.15,0.59287285,2.95,0.583315549,1.5,0.219337151,1.35,0.206273292
260828.6857,83198.20897,53167.6512,26232.06151,43953.48215,30564.52802,18346.26587,7311.983352,851.9033987,770,20.5,39,76,9.357068048,35.5,6.45,1.71,5.35,0.760416258,3.75,0.740346037,1.9,0.283196623,1.78,0.271975155
238859.2444,83092.35883,71356.58451,42694.9415,57889.9521,25074.78269,9214.640324,7192.114773,1239.132216,750,20.5,27,51,6.601715565,27,5.2,1.57,4.75,0.691319351,3.55,0.701088415,1.8,0.260136258,1.58,0.241416149
246338.2032,86532.48833,61173.89108,37086.70765,58604.64287,26855.24063,10625.89155,6472.903295,1006.794926,888,18,29.5,55.5,7.043867195,28,5.45,1.51,4.7,0.66477198,3.25,0.616608232,1.5,0.227007958,1.45,0.221552795
245403.3333,89972.61784,60474.31672,34855.47484,56103.22519,25594.08293,11206.99499,6652.706165,1006.794926,872,17.5,28,56,7.132479716,28.5,5.5,1.55,4.55,0.651166452,3.25,0.633670732,1.6,0.22628882,1.34,0.204745342
261763.5555,89972.61784,58220.13268,27317.52613,52172.42597,25371.52568,7554.34477,4495.071733,1006.794926,490,15,10.2,22.5,3.124543712,14,3.449906915,0.9,2.848830308,0.456508686,2.7,0.538509146,1.4,0.217371506,1.425,0.217732919
290978.2381,85209.3616,41663.53954,18151.38049,36592.16725,27522.91236,16602.95554,4255.334574,697.0118717,450,18,16.3,33,4.528513856,20,3.8,0.9,3.5,0.537584263,3,0.622989329,1.7,0.242445458,1.45,0.221552795
303832.6984,79387.60398,40730.77373,10553.12819,29802.60497,26335.9404,19010.38409,5034.480341,619.5661082,395,19,20.1,45,5.944492238,25,4.4,1.05,4.2,0.62308892,3.3,0.673344512,1.8,0.269341227,1.7,0.259751553
293782.8476,80710.73071,40497.58228,17367.43383,34662.50218,24184.55372,16519.94076,3536.123096,697.0118717,343,17.7,15.1,32,4.249757087,18,3.966170601,0.8,2.613187916,0.435135092,2.7,0.572634146,1.6,0.238562112,1.5,0.229192547
283732.9968,86267.86299,44850.48939,19900.1846,38593.3014,26410.12615,13697.43832,3955.663125,697.0118717,450,16,20.5,37,5.034350559,22,4.745311729,0.9,2.848830308,0.456508686,2.7,0.555571646,1.5,0.215501747,1.3,0.19863354
300560.6539,81504.60675,37854.74581,16523.18357,32161.0845,25223.15419,18512.29543,3236.451648,697.0118717,340,17,16.6,33,4.376216263,18.5,4.047133401,0.8,2.640152686,0.44491829,2.8,0.566669207,1.5,0.227007958,1.45,0.221552795
266905.3397,94206.62339,55266.37428,22432.93536,48741.91029,25890.82592,7305.300437,3476.188807,929.3491622,436,18,7.4,16.5,2.467320385,12,2.92889763,0.75,2.52233149,0.434231493,2.8,0.600794207,1.7,0.246280862,1.5,0.229192547
257089.2063,92883.49665,61562.5435,31357.86663,58032.89026,24110.36797,7471.329993,4135.465994,1084.240689,470,17.8,9.3,22,3.086697056,14,2.8,0.85,3.3,0.504768763,2.8,0.600794207,1.7,0.252033967,1.575,0.240652174
261763.5555,96323.62616,58064.67171,24422.95382,54673.84365,27597.09811,8467.507325,4435.137443,929.3491622,553,17.3,10.9,24,3.288849544,14.5,2.7,0.9,3.1,0.486628059,2.8,0.583731707,1.6,0.23664441,1.475,0.225372671
284667.8666,84680.11091,45705.52472,18995.63075,41809.40985,26335.9404,14029.49743,3715.925966,851.9033987,525,16.5,16.25,32,4.198991222,17.5,3.4,0.95,3.2,0.503035809,2.9,0.628954268,1.8,0.246328804,1.4,0.213913043
280460.9524,90501.86853,47726.51731,19116.23793,44310.82753,27671.28386,9380.66988,3536.123096,851.9033987,501,16.8,12.25,25.5,3.50392124,15.5,2.8,0.85,3.2,0.481023614,2.6,0.544474085,1.5,0.225090256,1.425,0.217732919
261763.5555,98969.87962,55577.29621,20382.61331,55388.53442,26706.86914,8550.522103,4794.743182,929.3491622,560,17.5,10.4,23,3.213156232,14.5,3.2,0.95,3.3,0.497431364,2.7,0.572634146,1.6,0.242397516,1.55,0.236832298
276721.473,83356.98418,49669.77941,27739.65125,49170.72475,25965.01166,10874.93588,3955.663125,851.9033987,470,15,11.6,26.5,3.528848687,15,3.480393795,0.8,2.532293607,0.405785499,2.4,0.488153963,1.3,0.203899651,1.35,0.206273292
264100.7301,93677.37269,58375.59364,25206.90049,52887.11674,25816.64017,7471.329993,4135.465994,1006.794926,485,16,9.8,20,2.935310433,14,3,0.85,3,0.470220309,2.7,0.555571646,1.5,0.223172554,1.4,0.213913043
271112.2539,95265.12477,48659.28312,19478.05947,49313.6629,27819.65535,10293.83243,3895.728835,851.9033987,530,15.5,12.7,26.5,3.528848687,15,3.611832516,0.9,2.794900769,0.43694229,2.5,0.516314024,1.4,0.217371506,1.425,0.217732919
259426.3809,93677.37269,59463.82042,28644.2051,55174.12719,25223.15419,6973.241327,4315.268864,1006.794926,475,17.5,7.5,16.5,2.416554521,11.5,2.913654189,0.8,2.640152686,0.44491829,2.8,0.549606707,1.4,0.22120691,1.475,0.225372671
265503.0349,100028.381,52468.07684,16885.00511,53959.15289,28190.58409,8799.566436,4375.203153,851.9033987,500,18.4,9.6,21,3.011003745,14,3.449906915,0.9,2.956689387,0.495641477,3.1,0.63408689,1.7,0.261622477,1.7,0.259751553
267372.7746,93677.37269,58220.13268,22613.84613,53172.99304,26335.9404,8467.507325,4375.203153,1006.794926,472,18.5,9.2,21,3.011003745,14,3.449906915,0.9,2.956689387,0.495641477,3.1,0.65114939,1.8,0.275094332,1.775,0.27121118
263633.2952,102145.3838,51379.85006,14714.07588,55388.53442,24332.92522,6558.167438,4315.268864,851.9033987,548,15,9.4,19.5,2.846697913,13.5,3.434663474,0.95,2.912721965,0.447629087,2.5,0.524845274,1.45,0.220847341,1.42,0.216968944
271112.2539,88914.11645,51379.85006,27558.74048,54673.84365,27448.72662,6807.211771,3955.663125,851.9033987,460,15.9,7.9,16.5,2.365788656,11,1.8,0.75,2.7,0.428334457,2.5,0.533376524,1.5,0.221254852,1.375,0.210093168
272047.1238,88279.01562,55188.64379,26714.49023,52887.11674,25519.89718,8052.433437,3835.794545,1006.794926,396,15.3,8.9,18.5,2.51717528,11,2.793259772,0.77,2.488565659,0.409156618,2.5,0.550439024,1.6,0.233959627,1.44,0.220024845
291679.3905,83356.98418,43062.68825,19417.75588,39879.74478,27522.91236,15523.76343,4315.268864,697.0118717,447,16.2,15.5,32,4.300522951,18.5,4.257435355,0.96,3.017180513,0.47911604,2.8,0.583731707,1.6,0.237795031,1.49,0.227664596
289342.2159,80710.73071,38865.24211,17668.95178,38093.01786,24481.29671,15772.80776,3056.648778,697.0118717,380,14.5,14.85,30,3.895307006,16,3.510880676,0.7,2.269686446,0.374628707,2.3,0.494118902,1.4,0.203947593,1.25,0.190993789
278591.2127,83621.60952,49281.12699,28041.1692,47169.5906,26929.42638,11788.09843,3895.728835,851.9033987,485,12,13.2,26,3.491002031,15,3.559257028,0.86,2.592784733,0.389260062,2.1,0.43779878,1.2,0.177003882,1.1,0.168074534
289809.6508,89972.61784,41274.88712,15136.20101,41452.06447,28932.44157,11040.96543,2577.17446,929.3491622,525,13,11.4,26,3.440236167,14.5,2.6,0.75,2.4,0.371773808,2.1,0.45486128,1.3,0.188558036,1.15,0.175714286
288641.0635,84150.86021,38632.05065,22432.93536,41452.06447,27448.72662,9712.728991,2816.911619,774.4576352,410,11.5,8,16.5,2.213491063,9.5,2.326925543,0.6,1.926184975,0.314122322,1.9,0.415603659,1.2,0.178921584,1.125,0.17189441
287939.9111,81239.9814,40730.77373,19116.23793,39951.21386,25965.01166,12286.1871,2996.714489,697.0118717,418,11.4,11.5,23,3.111624503,13.5,3.184929904,0.76,2.276248032,0.338536874,1.8,0.404506098,1.2,0.170867236,1.02,0.155850932
289809.6508,83621.60952,39176.16404,15799.5405,38164.48694,27077.79788,12950.30532,2936.780199,697.0118717,465,10.2,12,23,3.060858639,13,3.064535487,0.73,2.19207293,0.327233197,1.75,0.364832317,1,0.143923525,0.87,0.132931677
295418.8698,85209.3616,38709.78114,16583.48716,39450.93032,28264.76984,12618.24621,2876.845909,697.0118717,447,9.9,10.3,20,2.681481111,11.5,2.72963998,0.66,2.013640871,0.307380083,1.7,0.325158537,0.8,0.126951863,0.85,0.129875776
293081.6952,83251.13404,38709.78114,17246.82665,38450.36325,27597.09811,12867.29054,3236.451648,697.0118717,465,10.3,10.9,24,3.187317815,13.5,3.106066672,0.7,2.161827367,0.335495916,1.9,0.398541159,1.1,0.150108113,0.85,0.129875776
296821.1746,82033.85744,37932.4763,16583.48716,38307.42509,26335.9404,12618.24621,3056.648778,619.5661082,412,11.1,9.5,19,2.6057878,11.5,2.716496108,0.65,2.017041401,0.315025921,1.8,0.370381098,1,0.151977873,0.975,0.148975155
303365.2635,89972.61784,34045.95209,9829.485118,35734.53833,33754.51516,8218.462992,3116.583068,1084.240689,460,9,8.5,18,2.580860352,12,2,0.7,2.3,0.333353863,1.7,0.342221037,0.9,0.119328998,0.65,0.09931677
313181.3968,86797.11368,24873.75495,5306.715892,29516.72866,31158.014,10127.80288,1977.831562,387.2288176,400,10.2,9.85,20,2.833778704,13,3.025103871,0.7,2.134862597,0.325712718,1.8,0.353318598,0.9,0.1212467,0.675,0.103136646
326269.5746,74624.34774,16401.13217,5306.715892,19725.46516,28932.44157,17267.07376,1558.291534,542.1203446,318,9.3,11.8,22,2.71102966,10.3,2,0.54,2.2,0.309608714,1.5,0.320025915,0.9,0.135437694,0.86,0.131403727
289342.2159,80710.73071,38865.24211,17668.95178,38093.01786,24481.29671,15772.80776,3056.648778,697.0118717,397.33,15.2,6,13.63,2.1,9.75,2.59,0.84,2.77,0.43,2.69,0.55,1.53,0.229323583,1.45,0.21
245590.3073,84468.41063,89700.97878,27016.00818,59748.1481,23961.99648,8384.492547,5454.020369,2710.601723,262,22,6.56,15.04,2.29,10.48,3.19,1.08,3.4,0.58,3.81,0.78,2.21,0.35,2.18,0.34
279806.5435,93359.82228,51302.11958,15377.41537,46097.55445,26855.24063,10293.83243,2876.845909,1161.686453,450,18.5,5.62,13.71,2.03,9.31,2.8,1.07,2.83,0.49,3.12,0.7,2.02,0.31,2.02,0.3
292146.8254,78964.20342,56743.25348,10734.03896,31803.73912,46143.53501,5645.004883,4974.546051,1084.240689,333,32.2,11.04,23.89,3.5,15.39,4.49,1.41,4.62,0.77,4.89,1.04,3.18,0.49,3.16,0.47
246758.8946,94841.72422,76331.3355,24543.561,59319.33364,32048.24297,4482.797996,4375.203153,1548.91527,347,25.4,10.86,22.89,3.47,15.23,4.34,1.27,4.17,0.7,4.2,0.85,2.62,0.4,2.55,0.41
220722.7695,97223.35234,86902.68135,44262.83483,72040.82928,21736.42405,4399.783218,4135.465994,1548.91527,404,14.4,5.15,10.83,1.73,8.64,2.31,0.84,2.39,0.4,2.36,0.47,1.46,0.21,1.36,0.22
305235.0032,81345.83154,44306.376,17729.25537,31946.67727,18472.25115,17184.05898,3476.188807,1471.469507,446,27.4,10.51,22.6,3.37,14.87,4.13,1.28,4.34,0.73,4.5,0.93,2.91,0.45,2.92,0.46
322483.3517,68326.26449,42129.92244,6452.484096,14722.62979,48740.03618,15772.80776,4075.531704,1161.686453,231,30.5,13.96,31.94,4.53,20.22,5.38,1.62,5.18,0.87,5.04,1.04,3.2,0.49,3.25,0.51
245964.2552,83886.23487,85969.91554,20744.43485,62535.44209,33902.88666,11788.09843,4195.400284,1703.806797,345,16.9,6.16,14.96,2.2,10.54,2.98,1.02,2.94,0.48,2.81,0.57,1.7,0.25,1.67,0.26
233997.9213,90978.19416,69024.66998,51680.17636,76829.25742,17211.09345,1411.251221,3296.385937,1006.794926,265,12.6,1.25,3.4,0.59,3.39,1.26,0.47,1.61,0.31,2.11,0.47,1.41,0.22,1.43,0.21
244561.9505,90925.26909,78507.78906,37930.95791,69753.81883,18175.50816,1328.236443,4974.546051,1239.132216,293,21,5.1,13.15,2.11,10.26,2.91,1.02,3.18,0.54,3.36,0.73,2.16,0.33,2.17,0.34
240869.2146,63192.53277,128799.4123,21829.89947,55888.81796,27374.54087,2407.428553,14863.70386,1626.361034,142,51.3,7.66,18.96,2.89,15.71,5.07,1.78,6.09,1.25,7.96,1.7,5.48,0.8,5.39,0.91
237129.7352,68326.26449,117606.2226,33830.31381,49099.25567,32864.28619,913.1625547,10548.435,1703.806797,87,37.9,5.43,13.74,2.15,11.24,3.81,1.35,4.74,0.91,6.22,1.31,3.99,0.63,4.11,0.66
270644.819,58799.75201,105791.189,9407.35999,50528.63721,34051.25815,332.0591108,13125.60946,1548.91527,59,71.8,17.98,39.98,5.61,27.82,8.37,2.45,10.15,1.89,12.21,2.5,7.44,1.07,6.89,1.08
230866.1073,76900.12572,99572.75028,57348.71379,86191.70646,13872.7348,1411.251221,5513.954659,1239.132216,131,26.9,5.24,10.49,1.5,7.83,2.4,0.92,3.15,0.58,3.78,0.84,2.64,0.38,2.3,0.39
271112.2539,97646.75289,37621.55436,9889.788708,35305.72387,42805.17637,28225.02442,3835.794545,1316.57798,2007.423567,30.06712695,118.3942832,205.4086552,20.45443759,68.23279009,9.852940242,2.729219125,7.293539668,0.956482375,4.927682422,0.949381122,2.594692252,0.395365345,2.543246425,0.370968715
256154.3365,94100.77325,61640.27398,27980.86561,57175.26134,26706.86914,6641.182216,4614.940312,1084.240689,468,16.5,8.2,18,2.530094488,11.5,3,0.95,2.7,0.443009254,2.7,0.572634146,1.6,0.242397516,1.55,0.236832298
255686.9016,89337.51701,62262.11785,32262.42048,59676.67902,24110.36797,6143.09355,4435.137443,1084.240689,436,17,8.5,18,2.49963497,11.2,2.9,0.89,2.9,0.468487355,2.8,0.583731707,1.6,0.23702795,1.48,0.226136646
255219.4666,91824.99527,63117.15318,30815.13433,52529.77135,25371.52568,5894.049217,4555.006023,1084.240689,420,15.5,8,19,2.555021935,11,2.85,0.88,3.2,0.473686216,2.5,0.533376524,1.5,0.227007958,1.45,0.221552795
257790.3587,92354.24596,59463.82042,28342.68715,54673.84365,26706.86914,7139.270882,4075.531704,1006.794926,474,15,7,13.5,2.037176993,10,2.45,0.82,3,0.46288291,2.6,0.544474085,1.5,0.226240877,1.44,0.220024845
258958.946,92354.24596,59463.82042,28041.1692,53601.8075,26855.24063,7471.329993,4135.465994,1006.794926,468,15.5,7.7,16,2.226410272,10,2.8,0.86,2.7,0.420997058,2.4,0.513747713,1.45,0.219313179,1.4,0.213913043
259426.3809,92089.62061,59075.168,27980.86561,55031.18904,26855.24063,7222.28566,4135.465994,1006.794926,462,15.8,8.4,16.5,2.365788656,11,2.75,0.91,3,0.470220309,2.7,0.555571646,1.5,0.22854212,1.47,0.224608696
260828.6857,87590.98972,58919.70703,33106.67074,56460.57057,26706.86914,6392.137883,4614.940312,1006.794926,468,15.6,8.8,18,2.580860352,12,3,0.91,3.1,0.471953262,2.6,0.527411585,1.4,0.211618401,1.35,0.206273292
258958.946,88914.11645,61173.89108,32503.63484,51171.8589,26335.9404,6558.167438,4495.071733,1006.794926,425,15.8,9,18.5,2.720238737,13,3.2,1.01,3.5,0.519240767,2.75,0.561120427,1.5,0.220104231,1.36,0.207801242
259893.8159,92883.49665,56743.25348,23518.39998,52172.42597,30045.22778,8882.581214,5094.414631,929.3491622,492,17,10.5,24,3.339615408,15,3.4,1.04,3.6,0.546654615,3,0.605926829,1.6,0.239329193,1.51,0.230720497
261763.5555,86902.96382,60007.93381,32081.50971,54316.49827,26706.86914,7056.256104,4674.874602,1006.794926,472,15.5,10,20,2.833778704,13,3,0.92,3.1,0.479290661,2.7,0.538509146,1.4,0.210084239,1.33,0.203217391
259893.8159,92089.62061,58220.13268,27920.56202,50028.35367,28709.88433,6392.137883,4734.808892,929.3491622,519,16.2,10,22.5,3.023011983,13,3.25,1.01,3.3,0.490093966,2.6,0.544474085,1.5,0.220104231,1.36,0.207801242
262698.4254,92354.24596,60396.58623,25206.90049,52172.42597,28561.51283,7056.256104,4674.874602,929.3491622,475,14.5,9.2,16.5,2.518086249,12.5,2.75,0.97,3,0.46288291,2.6,0.527411585,1.4,0.20087927,1.21,0.184881988
262230.9905,87326.36437,58608.7851,33166.97433,53244.46212,26706.86914,6807.211771,4375.203153,929.3491622,460,14.2,8.5,15,2.252248689,11,2.7,0.9,2.2,0.382982698,2.5,0.516314024,1.4,0.203947593,1.25,0.190993789
267372.7746,97382.12754,54566.79992,16040.75486,47884.28137,32270.80021,9297.655102,5394.086079,774.4576352,562,17.4,13,27,3.820524664,17.5,4.1,1.22,3.7,0.555724966,3,0.588864329,1.5,0.225473797,1.43,0.218496894
265503.0349,87855.61507,55965.94863,27739.65125,50028.35367,28190.58409,7471.329993,4734.808892,774.4576352,505,15,15.5,21,3.417130659,18,4.15,1.12,3.6,0.531979818,2.8,0.524012957,1.25,0.184698661,1.15,0.175714286
267139.0571,93412.74735,54100.41701,22131.41741,51457.7352,27448.72662,7803.389104,4075.531704,929.3491622,487,16,10,21,2.858706152,12.5,2.9,0.96,3.2,0.488361012,2.7,0.572634146,1.6,0.234726708,1.45,0.221552795
268775.0793,91295.74457,54255.87798,25267.20408,48956.31752,28190.58409,6392.137883,3895.728835,929.3491622,462,12.5,7.5,19,2.453490207,10,2.65,0.82,2.5,0.373506761,2,0.42670122,1.2,0.172401398,1.04,0.158906832
271579.6889,85315.21174,57287.36687,25206.90049,48241.62675,27448.72662,8218.462992,4974.546051,929.3491622,450,17.5,17,25,3.821435634,19,4.45,1.15,4.1,0.592006373,3,0.605926829,1.6,0.230891304,1.4,0.213913043
274150.5809,90607.71867,53711.76459,19478.05947,45382.86368,30045.22778,7471.329993,4854.677471,774.4576352,478,13.5,10.5,23,3.162390368,14,3.25,1,3.6,0.509967623,2.5,0.482189024,1.2,0.17546972,1.08,0.165018634
275319.1682,90501.86853,52234.88539,19297.1487,47169.5906,30341.97077,7388.315215,4794.743182,774.4576352,488,13.3,10,22.5,3.073777848,13.5,3.2,1,3.2,0.462680118,2.35,0.465542683,1.2,0.17470264,1.07,0.163490683
257089.2063,86267.86299,63039.4227,37026.40407,55388.53442,25223.15419,5395.96055,4435.137443,1084.240689,433.89,14.79,8.06,15.79,2.49,11.16,2.83,0.91,2.89,0.44,2.63,0.52,1.41,0.205486549,1.26,0.18
293642.6171,87802.69,36222.40564,16221.66562,36878.04356,32344.98596,14610.60087,2457.305881,697.0118717,514.49,8.77,11.8,22.73,2.9,11.16,2.27,0.68,2,0.27,1.58,0.31,0.85,0.11,0.82,0.12
296774.4311,86638.33847,32802.26434,13930.12922,34305.1568,31603.12848,14693.61565,2277.503011,619.5661082,540.56,7.61,11.58,22.21,2.8,10.88,2.15,0.66,1.83,0.25,1.42,0.27,0.74,0.09,0.69,0.11
298223.4793,88384.86576,38476.58969,15317.11178,35734.53833,31009.6425,14610.60087,2457.305881,697.0118717,518,9.5,12,22.5,2.819948526,11,2.15,0.6,2,0.309811507,1.75,0.339238567,0.85,0.130044158,0.84,0.128347826
303832.6984,85738.61229,36377.86661,14593.4687,33590.46603,31158.014,14112.51221,2697.04304,542.1203446,505,6,10.8,22,2.731336006,10.5,2.3,0.7,2.5,0.322144973,1.3,0.246643293,0.6,0.095405668,0.64,0.09778882
269709.9492,84680.11091,52079.42442,30754.83074,47169.5906,26781.05489,10791.9211,3356.320227,851.9033987,505,10.8,12.1,25,3.212245262,13,2.6,0.77,2.4,0.36443641,2,0.40963872,1.1,0.160847244,0.99,0.151267081
287472.4762,87855.61507,42285.38341,17488.04101,40022.68293,29451.7418,12784.27577,2876.845909,697.0118717,490,8.5,11.5,23,2.939020565,11.8,2.6,0.72,2.6,0.342221422,1.45,0.305945884,0.85,0.1323454,0.87,0.132931677
286537.6063,86797.11368,41508.07857,16101.05845,39379.46124,28487.32708,14776.63043,2816.911619,697.0118717,526,9.9,12.7,23.9,2.9,12.4,2.5,0.7,2,0.3,1.8,0.3,1,0.1,0.9,0.1
272981.9936,86479.56326,51846.23297,29609.06253,49599.53921,26484.3119,6226.108327,3236.451648,1006.794926,364,15.5,6.7,12.5,1.859951953,9,2.3,0.71,2.6,0.415595406,2.45,0.536358994,1.55,0.238538141,1.55,0.236832298
271112.2539,88014.39027,49825.24038,25025.98972,47884.28137,27151.98363,8633.536881,3775.860256,851.9033987,490,12,7.8,16,2.277176136,10.5,2.35,0.78,2.65,0.387112289,2,0.42670122,1.2,0.172401398,1.04,0.158906832
277188.9079,85473.98695,50835.73668,29910.58048,46169.02353,26706.86914,8965.595991,3176.517358,929.3491622,385,13.1,8.5,16.2,2.241548934,10,2.4,0.72,2.3,0.366372155,2.15,0.443347561,1.2,0.183907609,1.19,0.181826087
276254.0381,84944.73625,52157.15491,29609.06253,45025.5183,26335.9404,9048.610769,3236.451648,929.3491622,384,13.3,8.7,17,2.302103584,10,2.3,0.71,2.4,0.375442507,2.15,0.460410061,1.3,0.193927601,1.22,0.186409938
276955.1905,85738.61229,52001.69394,29609.06253,43810.544,26113.38316,8799.566436,3236.451648,929.3491622,372,12.2,9,18.2,2.47416094,10.8,2.5,0.78,2.4,0.375442507,2.15,0.443347561,1.2,0.183140528,1.18,0.180298137
279058.6476,89972.61784,46482.82956,23277.18562,46454.89983,29674.29904,8633.536881,3416.254517,774.4576352,434,13,7.5,16,2.216257099,9.9,2.2,0.74,2.5,0.384512859,2.15,0.460410061,1.3,0.196228843,1.25,0.190993789
281863.2571,87590.98972,46716.02101,23518.39998,43453.19861,30341.97077,10459.86199,3596.057386,774.4576352,510,10.2,10.4,20.5,2.719327767,11.5,2.55,0.82,2.5,0.362500664,1.85,0.375929878,1,0.146991848,0.91,0.139043478
280460.9524,88014.39027,45783.2552,22794.7569,44811.11107,29303.37031,9795.743768,3476.188807,774.4576352,414,14,9,18,2.479328624,11,2.45,0.75,2.5,0.391850257,2.25,0.488570122,1.4,0.211618401,1.35,0.206273292
281395.8222,92618.87131,44617.29794,17910.16614,44310.82753,30416.15652,10376.84721,3596.057386,774.4576352,452,14.2,8.8,17.8,2.464189961,11,2.4,0.79,2.6,0.404589308,2.3,0.494118902,1.4,0.211618401,1.35,0.206273292
280460.9524,87855.61507,47026.94295,23035.97126,42309.69339,28932.44157,9795.743768,3476.188807,774.4576352,396,12.2,9.5,19,2.595634627,11.4,2.4,0.77,2.6,0.389914512,2.1,0.43779878,1.2,0.183140528,1.18,0.180298137
285135.3016,85209.3616,44306.376,22975.66767,42524.10062,28338.95559,11206.99499,2996.714489,697.0118717,440,10.3,9.7,17.5,2.329797066,9.9,2.2,0.69,2.4,0.349761613,1.8,0.370381098,1,0.146991848,0.91,0.139043478
286070.1714,87961.46521,43684.53213,20985.64921,41809.40985,29303.37031,11040.96543,2996.714489,697.0118717,479,9.5,9.4,19,2.504256071,10.5,2.25,0.7,2.25,0.328818687,1.7,0.342221037,0.9,0.132369371,0.82,0.125291925
287939.9111,86532.48833,41819.00051,17488.04101,40094.15201,28932.44157,14278.54176,2816.911619,697.0118717,500,10.5,14,26.5,3.295325711,12.7,2.7,0.78,2.4,0.346092914,1.75,0.364832317,1,0.150827252,0.96,0.14668323
291679.3905,88384.86576,40808.50421,16945.3087,39236.52309,30267.78503,14693.61565,2756.977329,697.0118717,512,10.3,14.5,27,3.333172367,12.7,2.7,0.76,2.3,0.337022562,1.75,0.364832317,1,0.147758929,0.92,0.140571429
286537.6063,85103.51146,43606.80164,19839.88101,42667.03877,28190.58409,12286.1871,2996.714489,774.4576352,470,10.8,12,22.5,2.972246119,12.5,2.65,0.75,2.45,0.357965488,1.85,0.375929878,1,0.150060171,0.95,0.14515528
287472.4762,85738.61229,42052.19196,17668.95178,40737.3737,28190.58409,13946.48265,2816.911619,774.4576352,490,10.7,13.9,26,3.287938574,13,2.6,0.75,2.5,0.358831965,1.8,0.378912348,1.05,0.156220788,0.98,0.14973913
291679.3905,85473.98695,41274.88712,17488.04101,39450.93032,29006.62732,13531.40876,2876.845909,697.0118717,480,10,13,23.5,3.047939431,12.5,2.5,0.74,2.6,0.360564918,1.7,0.359283537,1,0.146224767,0.9,0.137515528
276721.473,88914.11645,50680.27571,21045.9528,45883.14722,27448.72662,11206.99499,3356.320227,851.9033987,492,11,11.5,22,2.883633599,12,2.6,0.78,2.4,0.360767711,1.95,0.404089939,1.1,0.161614325,1,0.152795031
285135.3016,87326.36437,44384.10649,19900.1846,41094.71908,29451.7418,13282.36443,2996.714489,774.4576352,510,10,14,26,3.287938574,13,2.9,0.8,2.9,0.391444673,1.75,0.364832317,1,0.151594332,0.97,0.14821118
284200.4317,87590.98972,44772.75891,19900.1846,42524.10062,29377.55605,12784.27577,3176.517358,774.4576352,501,10.5,12.8,23.5,3.078398949,12.8,2.8,0.78,2.7,0.380641367,1.85,0.375929878,1,0.144690606,0.88,0.134459627
285602.7365,86267.86299,43762.26261,19297.1487,41237.65724,29006.62732,12535.23143,2996.714489,697.0118717,479,10.6,12.2,22.5,2.911327082,11.9,2.45,0.76,2.5,0.358831965,1.8,0.370381098,1,0.147758929,0.92,0.140571429
292847.9778,88120.24041,40186.66034,16824.70152,39165.05401,29229.18456,14610.60087,2756.977329,697.0118717,505,9.9,14,25.6,3.237354903,12.8,2.6,0.76,2.3,0.333353863,1.7,0.350752287,0.95,0.142365392,0.9,0.137515528
284200.4317,87855.61507,42285.38341,17065.91588,40451.49739,28635.69858,12867.29054,2996.714489,697.0118717,492,10,12,22.5,2.921480255,12,2.3,0.75,2.3,0.333353863,1.7,0.359283537,1,0.142389363,0.85,0.129875776
285602.7365,87326.36437,42674.03583,17548.3446,40451.49739,28487.32708,12867.29054,2996.714489,697.0118717,489,10.2,12,22.5,2.921480255,12,2.3,0.76,2.4,0.349761613,1.8,0.370381098,1,0.146224767,0.9,0.137515528
286303.8889,86267.86299,42285.38341,17246.82665,41094.71908,28042.2126,12452.21665,2996.714489,697.0118717,490,10,11.8,23,2.95932691,12,2.5,0.73,2.45,0.354296789,1.8,0.361849848,0.95,0.139297069,0.86,0.131403727
287005.0413,87855.61507,42518.57486,16281.96921,39307.99217,27819.65535,13116.33488,2996.714489,697.0118717,490,10,12.4,23,2.95932691,12,2.4,0.71,2.3,0.337022562,1.75,0.347769817,0.9,0.135437694,0.86,0.131403727
284200.4317,89178.7418,45938.71617,19417.75588,42881.446,28338.95559,13448.39399,3056.648778,774.4576352,485,10.8,11.7,22,2.832867734,11.5,2.4,0.74,2.6,0.375239715,1.9,0.381478659,1,0.14929309,0.94,0.143627329
288407.346,87061.73903,41974.46148,17849.86255,40380.02832,28709.88433,14278.54176,3056.648778,697.0118717,510,9.2,15,26.5,3.39685744,13.7,2.6,0.79,2.4,0.338755515,1.65,0.319609756,0.8,0.118513975,0.74,0.113068323
289809.6508,86797.11368,41430.34809,18211.68408,40380.02832,29006.62732,14361.55654,2996.714489,697.0118717,515,9.8,14.5,27,3.383938231,13.2,2.5,0.75,2.25,0.325149988,1.65,0.336672256,0.9,0.129301048,0.78,0.119180124
296353.7397,86267.86299,38632.05065,15196.5046,36592.16725,29525.92755,16187.88165,2876.845909,619.5661082,525,9,16,29,3.535324854,13.2,2.6,0.72,2.35,0.326882941,1.55,0.308512195,0.8,0.116979814,0.72,0.110012422
286537.6063,87061.73903,44772.75891,20623.82767,43596.13677,28190.58409,12867.29054,3056.648778,774.4576352,500,9.6,14.2,26,3.287938574,13,2.5,0.76,2.65,0.365100094,1.7,0.342221037,0.9,0.133136452,0.83,0.126819876
281395.8222,90766.49388,40108.92985,14774.37947,36091.88372,27819.65535,14610.60087,2996.714489,697.0118717,525,8.4,15.4,26.5,3.427316958,14,2.6,0.77,2.6,0.345890121,1.5,0.294432165,0.75,0.108517954,0.66,0.10084472
283499.2793,89707.99249,39487.08598,15377.41537,38021.54879,27597.09811,13863.46788,2876.845909,697.0118717,526,8.4,15,26.5,3.32578523,13,2.5,0.79,2.4,0.327749418,1.5,0.302963415,0.8,0.113911491,0.68,0.103900621
284200.4317,88808.26631,39487.08598,15317.11178,38593.3014,27151.98363,14112.51221,2936.780199,619.5661082,515,8.8,15.5,26,3.287938574,13,2.4,0.77,2.5,0.33681977,1.5,0.302963415,0.8,0.117746894,0.73,0.111540373
289809.6508,87590.98972,39409.3555,14231.64717,36735.10541,27448.72662,15689.79298,2816.911619,697.0118717,520,8.8,17,30.5,3.780856069,14.5,2.85,0.79,2.5,0.344157168,1.6,0.314060976,0.8,0.116979814,0.72,0.110012422
290744.5206,86797.11368,38787.51162,14171.34358,36449.2291,27522.91236,16270.89643,2756.977329,619.5661082,513,8.7,17.3,30,3.743009413,14.5,2.7,0.75,2.5,0.344157168,1.6,0.314060976,0.8,0.115445652,0.7,0.106956522
292146.8254,86797.11368,37232.90194,14231.64717,36163.35279,28264.76984,16270.89643,2697.04304,619.5661082,518,8.7,16.5,29,3.616550237,14,2.75,0.78,2.4,0.335086816,1.6,0.314060976,0.8,0.115445652,0.7,0.106956522
293081.6952,86532.48833,36688.78855,13869.82563,35448.66203,28338.95559,16104.86687,2637.10875,619.5661082,520,8.2,16.4,29,3.596243891,13.8,2.4,0.73,2.35,0.323214242,1.5,0.302963415,0.8,0.112377329,0.66,0.10084472
294016.5651,86373.71313,36688.78855,13809.52204,35520.1311,28190.58409,16685.97032,2697.04304,619.5661082,510,8.5,16.5,29,3.616550237,14,2.7,0.75,2.4,0.331418117,1.55,0.308512195,0.8,0.115445652,0.7,0.106956522
294484,86532.48833,36611.05806,13266.78973,35448.66203,27893.8411,16768.98509,2697.04304,619.5661082,520,7.9,18,32,3.945161901,15,2.85,0.76,2.45,0.332284594,1.5,0.285900915,0.7,0.100823175,0.61,0.093204969
288874.7809,86267.86299,41430.34809,18875.02357,41452.06447,27819.65535,13697.43832,2756.977329,774.4576352,500,10.5,13,25.5,3.148560189,12,2.6,0.75,2.15,0.323417034,1.75,0.364832317,1,0.151594332,0.97,0.14821118
290744.5206,87326.36437,39564.81646,16281.96921,37521.26525,29674.29904,14029.49743,2517.24017,697.0118717,508,9.7,13,23,2.857795182,11,2.3,0.66,2.6,0.356896219,1.65,0.345203506,0.95,0.142365392,0.9,0.137515528
294484,87590.98972,39409.3555,15618.62973,37163.91987,33457.77217,9131.625547,3116.583068,619.5661082,418,8.4,6.7,13,1.847032744,8.5,2.1,0.66,2.05,0.296003187,1.5,0.302963415,0.8,0.112377329,0.66,0.10084472
289809.6508,87590.98972,42518.57486,19176.54152,39665.33755,30045.22778,11788.09843,3056.648778,697.0118717,482,9.6,9.5,19,2.555021935,11,2.4,0.7,2.3,0.337022562,1.75,0.347769817,0.9,0.132369371,0.82,0.125291925
278123.7778,85209.3616,47881.97828,28161.77638,45239.92553,28487.32708,7720.374326,3775.860256,697.0118717,444,11.2,9.5,17.6,2.520123509,11.7,2.7,0.8,2.6,0.382577113,2,0.39257622,1,0.14929309,0.94,0.143627329
283732.9968,89443.36715,44617.29794,21166.55998,42381.16246,29822.67054,9131.625547,3296.385937,774.4576352,420,12.6,7.6,15.5,2.188563616,10,2.25,0.74,2.65,0.398118387,2.15,0.434816311,1.15,0.173911588,1.11,0.169602484
286070.1714,85473.98695,45083.68084,24242.04305,39307.99217,28338.95559,10459.86199,3176.517358,697.0118717,484,10.3,9.6,20,2.630715247,11,2.4,0.72,2.3,0.34435996,1.85,0.375929878,1,0.146224767,0.9,0.137515528
292146.8254,86267.86299,42285.38341,21709.29229,39665.33755,31306.38549,11206.99499,2996.714489,697.0118717,485,9.4,9.3,20,2.600255728,10.7,2.35,0.67,2.4,0.357099011,1.9,0.364416159,0.9,0.133136452,0.83,0.126819876
290510.8032,87855.61507,41663.53954,17910.16614,37878.61063,29600.1133,11705.08366,3056.648778,697.0118717,468,7.9,9.6,19.5,2.399958307,9.1,1.85,0.68,1.95,0.279595437,1.4,0.291865854,0.8,0.114678571,0.69,0.105428571
290744.5206,86267.86299,43062.68825,19417.75588,40880.31185,29748.48479,11373.02454,3116.583068,697.0118717,475,10.5,10.3,21,2.706408559,11,2.45,0.73,2.35,0.348895136,1.85,0.375929878,1,0.146991848,0.91,0.139043478
294484,84944.73625,38010.20678,16161.36203,36091.88372,29451.7418,13780.4531,2756.977329,619.5661082,457,9.2,11.9,22,2.822714562,11.4,2.5,0.7,1.7,0.271594354,1.6,0.314060976,0.8,0.120815217,0.77,0.117652174
269242.5143,95265.12477,47726.51731,18875.02357,42023.81708,26039.19741,9961.773324,3416.254517,774.4576352,506,9.4,11.2,20.5,2.719327767,11.5,2.38,0.72,1.8,0.284333405,1.65,0.336672256,0.9,0.132369371,0.82,0.125291925
308507.0476,83886.23487,32491.3424,12241.62871,30445.82666,29377.55605,18429.28065,2337.437301,619.5661082,440,6.3,15.2,25,2.968569113,10.6,1.9,0.62,1.85,0.255850288,1.2,0.235545732,0.6,0.08696778,0.53,0.080981366
300560.6539,85738.61229,33657.29966,13025.57537,33947.81142,30861.27101,15108.68954,2277.503011,619.5661082,520,8.3,12.7,22.5,2.819948526,11,2.2,0.62,2.05,0.288665788,1.4,0.291865854,0.8,0.116212733,0.71,0.108484472
293549.1301,85738.61229,41352.6176,20804.73844,40380.02832,28932.44157,12618.24621,2577.17446,774.4576352,500,9.8,12.2,25,3.059947669,11.5,2.5,0.72,2.2,0.320614812,1.65,0.353734756,1,0.142389363,0.85,0.129875776
294951.4349,86267.86299,35833.75322,13266.78973,34305.1568,29377.55605,14776.63043,2517.24017,619.5661082,512,9,14.8,26,3.287938574,13,2.5,0.7,2.5,0.340488469,1.55,0.325574695,0.9,0.127766887,0.76,0.116124224
299158.3492,85209.3616,33890.49112,12844.6646,33590.46603,29822.67054,14527.5861,2277.503011,619.5661082,522,7.7,12.7,23,2.837488836,10.8,2.1,0.59,2.3,0.307672969,1.35,0.286317073,0.8,0.111610248,0.65,0.09931677
302430.3936,85738.61229,32335.88143,12060.71794,32589.89896,29822.67054,14859.64521,2217.568722,619.5661082,515,7.9,12.6,24,2.933488493,11,2.15,0.62,2.1,0.285863566,1.3,0.280768293,0.8,0.113911491,0.68,0.103900621
302897.8286,85738.61229,33268.64724,12904.96819,33447.52788,31306.38549,14942.65999,2277.503011,619.5661082,522,8,12.6,22.5,2.860561217,11.4,2.1,0.61,2.15,0.305073538,1.5,0.302963415,0.8,0.117746894,0.73,0.111540373
302430.3936,86003.23764,32413.61192,12482.84306,33018.71342,31306.38549,14942.65999,2217.568722,542.1203446,525,8.3,13,25,3.009181805,11,2.1,0.63,1.9,0.271391561,1.35,0.286317073,0.8,0.115445652,0.7,0.106956522
299625.7841,87326.36437,37310.63242,15196.5046,35019.84757,30267.78503,14195.52699,2457.305881,619.5661082,512,8.2,13,23,2.857795182,11,2.2,0.65,2.1,0.296869663,1.45,0.297414634,0.8,0.11314441,0.67,0.102372671
299158.3492,86532.48833,35056.44838,13869.82563,34662.50218,30861.27101,14942.65999,2337.437301,619.5661082,510,8.3,13,22,2.78210187,11,2.1,0.61,2.1,0.296869663,1.45,0.297414634,0.8,0.121582298,0.78,0.119180124
269709.9492,84680.11091,52079.42442,30754.83074,47169.5906,26781.05489,10791.9211,3356.320227,851.9033987,505,10.8,12.1,25,3.212245262,13,2.6,0.77,2.4,0.36443641,2,0.40963872,1.1,0.160847244,0.99,0.151267081
296353.7397,86267.86299,34512.33499,13688.91486,34662.50218,29822.67054,15191.70432,2277.503011,619.5661082,504,8.8,13.5,23.5,2.895641838,11,2.1,0.64,2.1,0.296869663,1.45,0.314477134,0.9,0.13083521,0.8,0.122236025
293549.1301,85473.98695,37388.36291,15136.20101,36091.88372,29674.29904,14361.55654,2457.305881,697.0118717,515,9.5,12.5,22.5,2.830101699,11.1,2.15,0.63,2.15,0.312410937,1.6,0.331123476,0.9,0.132369371,0.82,0.125291925
275786.6032,89443.36715,50913.46716,21769.59588,45025.5183,27448.72662,11206.99499,2876.845909,929.3491622,520,12.2,12.5,23,2.95932691,12,2.5,0.79,2.6,0.386245812,2.05,0.43225,1.2,0.177003882,1.1,0.168074534
295418.8698,87008.81396,35989.21419,14593.4687,35663.06926,30045.22778,14527.5861,2397.371591,619.5661082,514,9,12.3,22,2.78210187,11,2.12,0.68,2.1,0.300538363,1.5,0.320025915,0.9,0.13083521,0.8,0.122236025
295418.8698,86797.11368,34978.7179,13568.30768,35234.2548,29822.67054,15025.67476,2397.371591,619.5661082,512,8.6,12.8,22.5,2.87071439,11.5,2.25,0.65,2,0.289266791,1.47,0.308165396,0.85,0.124674592,0.77,0.117652174
295418.8698,86532.48833,36921.98,14352.25434,35734.53833,29525.92755,14361.55654,2397.371591,697.0118717,515,8.6,12.2,22.5,2.789489007,10.7,2.1,0.64,2.05,0.292334487,1.45,0.297414634,0.8,0.120815217,0.77,0.117652174
293549.1301,85950.31257,36144.67516,14412.55793,35377.19295,28784.07007,14444.57132,2397.371591,619.5661082,505,9,12.5,22,2.812561389,11.3,2.05,0.65,2.25,0.31414389,1.5,0.320025915,0.9,0.130068129,0.79,0.120708075
296353.7397,87855.61507,36300.13613,14231.64717,35019.84757,31528.94273,13780.4531,2277.503011,619.5661082,543,8.8,10.9,21,2.736868077,11.3,2.25,0.66,2.15,0.300671099,1.44,0.296304878,0.8,0.119281056,0.75,0.114596273
298690.9143,86797.11368,36144.67516,14834.68306,35877.47649,30787.08526,14029.49743,2277.503011,697.0118717,525,8.8,11,20,2.579949383,10.5,2.1,0.63,1.7,0.264256956,1.5,0.320025915,0.9,0.132369371,0.82,0.125291925
299158.3492,88384.86576,33190.91676,13085.87896,34448.09495,31528.94273,14278.54176,2157.634432,619.5661082,548,8.6,11.4,22,2.802408216,11.2,2.15,0.64,2.15,0.29626866,1.38,0.289646341,0.8,0.116979814,0.72,0.110012422
300093.219,85738.61229,35211.90935,14050.7364,33804.87326,31232.19974,14029.49743,2277.503011,619.5661082,525,8,10.8,20,2.447958135,9.2,2.05,0.59,2,0.287799312,1.45,0.297414634,0.8,0.121582298,0.78,0.119180124
302897.8286,87326.36437,33346.37773,13508.00409,33304.58973,32344.98596,14942.65999,2217.568722,619.5661082,535,8.3,11.5,19.5,2.491336863,10,2.1,0.6,2,0.289266791,1.47,0.299634146,0.8,0.120815217,0.77,0.117652174
240728.9841,64568.58457,86047.64602,64524.84096,60034.0244,17211.09345,4731.842329,4135.465994,2168.481379,352,21.5,8.4,24,3.94880578,21,5.1,1.22,4.45,0.675114393,3.7,0.751859756,2,0.297819099,1.87,0.285726708
256621.7714,90501.86853,58764.24607,29186.93741,53959.15289,24481.29671,10874.93588,3596.057386,1084.240689,470,16.2,9.6,18.5,2.567941144,11.5,2.6,0.83,2.7,0.428334457,2.5,0.567501524,1.7,0.263156638,1.72,0.262807453
263165.8603,84150.86021,56510.06202,38172.17227,55960.28703,23442.69624,9048.610769,3296.385937,1006.794926,428,13,8.8,16.5,2.243950582,9.8,2.2,0.76,2.55,0.392716734,2.2,0.465958841,1.3,0.200064247,1.3,0.19863354
281863.2571,84680.11091,48270.6307,28945.72305,45025.5183,28190.58409,10044.7881,3536.123096,774.4576352,470,11.3,10.5,20,2.833778704,13,2.8,0.79,2.7,0.398984863,2.1,0.42073628,1.1,0.160080163,0.98,0.14973913
282330.692,84680.11091,47182.40392,28222.07997,45311.39461,28190.58409,9712.728991,3356.320227,774.4576352,449,10.8,8.6,17,2.352869448,10.5,2.45,0.75,2.6,0.371571016,1.85,0.375929878,1,0.150827252,0.96,0.14668323
292614.2603,85738.61229,39409.3555,19417.75588,37378.3271,30119.41353,11373.02454,2936.780199,619.5661082,473,8.4,8.7,16.5,2.213491063,9.5,2.15,0.68,2.2,0.302271316,1.4,0.291865854,0.8,0.120048137,0.76,0.116124224
282798.127,87590.98972,50213.8928,21106.25639,45740.20907,29377.55605,7720.374326,3476.188807,774.4576352,410,11.75,7.4,16,2.226410272,10,2.5,0.77,2.4,0.371773808,2.1,0.42073628,1.1,0.159313082,0.97,0.14821118
273449.4286,85738.61229,51068.92813,31538.7774,50028.35367,26706.86914,7388.315215,3116.583068,851.9033987,402,10.6,5.4,12,1.639348185,7.2,1.95,0.62,2.1,0.322550558,1.8,0.387443598,1.1,0.164682648,1.04,0.158906832
276721.473,83886.23487,48814.74409,28222.07997,47169.5906,27819.65535,9712.728991,3596.057386,774.4576352,460,11.5,9.6,17.5,2.492247832,11.5,2.45,0.8,2.6,0.375239715,1.9,0.381478659,1,0.151594332,0.97,0.14821118
282330.692,83409.90924,46638.29053,28704.50869,45168.45645,28932.44157,9380.66988,3416.254517,774.4576352,470,10.3,8.9,18,2.479328624,11,2.25,0.78,2.3,0.337022562,1.75,0.364832317,1,0.147758929,0.92,0.140571429
292146.8254,86797.11368,40419.85179,16583.48716,38736.23955,28932.44157,14195.52699,2816.911619,697.0118717,502,9.8,13.7,26.5,3.305478884,12.8,2.4,0.73,2.4,0.346092914,1.75,0.347769817,0.9,0.134670613,0.85,0.129875776
287939.9111,84468.41063,44539.56745,24121.43587,41952.348,28190.58409,12369.20188,2996.714489,774.4576352,444,10.4,10.9,21,2.726714904,11.2,2.5,0.72,2.45,0.365302886,1.95,0.387027439,1,0.148526009,0.93,0.142099379
282798.127,86267.86299,48270.6307,24242.04305,44310.82753,28932.44157,10625.89155,3236.451648,851.9033987,465,12.5,9.8,19,2.544868763,10.9,2.5,0.77,2.45,0.379977683,2.15,0.443347561,1.2,0.180839286,1.15,0.175714286
290744.5206,87061.73903,41119.42615,16101.05845,39593.86847,28932.44157,14527.5861,2996.714489,697.0118717,524,9.4,16,29.5,3.705162757,14.5,2.9,0.8,2.65,0.365100094,1.7,0.342221037,0.9,0.129301048,0.78,0.119180124
262090.76,94471.24873,63894.45802,22493.23895,56960.85411,22329.91003,9380.66988,4255.334574,1239.132216,666,16.2,14.6,26.7,3.4,14.9,3.1,1,3.2,0.47,2.9,0.61,1.85,0.26,1.75,0.26
268634.8489,87855.61507,54877.72185,19297.1487,50814.51351,23294.32475,19674.50231,4614.940312,1006.794926,1188,15,42.2,79.6,9.4,37.4,6.3,1.7,4.3,0.56,2.9,0.54,1.39,0.18,1.22,0.19
261763.5555,89549.21729,64671.76287,22131.41741,53959.15289,21884.79555,13946.48265,4495.071733,1239.132216,1090,19.3,43.5,76,9.306302184,35,6,1.65,4.45,0.656770897,3.45,0.689990854,1.8,0.27317663,1.75,0.267391304
259426.3809,92089.62061,63583.53609,22131.41741,53030.05489,21439.68106,7554.34477,4375.203153,1239.132216,620,17.8,16.4,31,4.021766182,16.5,3.4,1.09,3.4,0.535851309,3.1,0.65114939,1.8,0.264738742,1.64,0.250583851
256388.054,91295.74457,66381.83352,23819.91792,56317.63242,21291.30956,10791.9211,4075.531704,1316.57798,880,19.5,29.5,52,6.575877148,26,4.8,1.34,3.9,0.57386567,3,0.657114329,1.9,0.28089538,1.75,0.267391304
266437.9047,90501.86853,60163.39478,20804.73844,51457.7352,24852.22545,15606.77821,4495.071733,1084.240689,938,18.3,31,59,7.308793786,28,5.15,1.46,4.15,0.607547647,3.15,0.639635671,1.7,0.247815023,1.52,0.232248447
264568.1651,88914.11645,55965.94863,19297.1487,49027.78659,24481.29671,18761.33976,4555.006023,1006.794926,1215,17,43,83,10.24228228,39,6.6,1.8,5,0.655296043,2.75,0.561120427,1.5,0.220104231,1.36,0.207801242
258257.7936,89443.36715,65060.41529,22674.14972,52172.42597,22107.35279,15274.7191,4614.940312,1239.132216,1310,21,71,121,14.23547713,50,8.5,2.2,5.75,0.796697665,3.75,0.757408537,2,0.289381211,1.76,0.268919255
258725.2286,89443.36715,63661.26657,22071.11382,56460.57057,21291.30956,12037.14277,4495.071733,1239.132216,880,19.8,27,50,6.322958796,25,4.9,1.41,4.3,0.632159272,3.3,0.673344512,1.8,0.275477873,1.78,0.271975155
263633.2952,89178.7418,59697.01188,20442.9169,51100.38982,23368.5105,15440.74865,4495.071733,1084.240689,960,17.5,31,58,7.131568746,27,5.2,1.4,4,0.582936022,3,0.605926829,1.6,0.23702795,1.48,0.226136646
262698.4254,88649.49111,60862.96914,21106.25639,52601.24043,21884.79555,14942.65999,4495.071733,1161.686453,910,17.8,30.5,56,7.081713851,28,5,1.42,4.4,0.626554827,3.1,0.63408689,1.7,0.246280862,1.5,0.229192547
264568.1651,89972.61784,60163.39478,20442.9169,52887.11674,22626.65302,14942.65999,4495.071733,1161.686453,930,18,30.5,55,7.00602054,28,5.1,1.42,4.1,0.599343772,3.1,0.61702439,1.6,0.240096273,1.52,0.232248447
266905.3397,91031.11923,58375.59364,19236.84511,51457.7352,23739.43924,14112.51221,4255.334574,1161.686453,875,18.4,26.5,49,6.247265484,25,4.7,1.3,3.7,0.563062365,3.1,0.63408689,1.7,0.258554154,1.66,0.253639752
267606.492,91824.99527,59230.62897,19478.05947,52887.11674,23591.06774,13946.48265,4315.268864,1161.686453,880,17.7,25.5,46,5.969419685,24.5,4.7,1.26,3.9,0.577534369,3.05,0.62853811,1.7,0.253951669,1.6,0.24447205
278123.7778,92354.24596,47571.05634,15015.59383,43739.07492,25223.15419,15606.77821,3655.991676,1006.794926,940,16,30.5,56,6.929416258,26.5,4.9,1.33,3.8,0.546451822,2.75,0.578182927,1.6,0.233959627,1.44,0.220024845
261296.1206,91824.99527,61562.5435,20985.64921,51100.38982,21884.79555,13448.39399,4495.071733,1239.132216,840,19,28,50,6.475256389,26.5,4.9,1.36,3.95,0.596744342,3.25,0.684858232,1.9,0.2801283,1.74,0.265863354
265035.6,93677.37269,63661.26657,21528.38152,55745.8798,22849.21026,7969.418659,4075.531704,1239.132216,640,16.8,14.5,27.5,3.706073727,16,3.3,1,3.2,0.495698411,2.8,0.600794207,1.7,0.247815023,1.52,0.232248447
263399.5778,93148.122,64594.03238,21950.50664,55317.06534,22107.35279,7637.359548,4135.465994,1161.686453,628,20,15.2,29,4.002370806,17.8,3.85,1.11,3.8,0.594144912,3.4,0.701504573,1.9,0.28089538,1.75,0.267391304
258491.5111,90501.86853,63661.26657,21950.50664,54316.49827,21217.12382,14693.61565,4495.071733,1239.132216,1070,19.4,46,78,9.559220535,36,6.9,1.66,4.8,0.684848429,3.4,0.684442073,1.8,0.270875388,1.72,0.262807453
260361.2508,91031.11923,63194.88367,21407.77434,53244.46212,22255.72428,14776.63043,4375.203153,1239.132216,1088,18.5,42,70,8.80137645,34.5,5.95,1.58,4.5,0.650299975,3.3,0.656282012,1.7,0.257787073,1.65,0.252111801
257556.6413,93148.122,65060.41529,22674.14972,56317.63242,21810.6098,11206.99499,4075.531704,1316.57798,910,18.8,29,50.5,6.46233718,26,4.7,1.29,3.8,0.583138814,3.25,0.684858232,1.9,0.281662461,1.76,0.268919255
259192.6635,92089.62061,64360.84093,22975.66767,56031.75611,21662.2383,10791.9211,4255.334574,1239.132216,895,18.7,30.5,53,6.702336323,26.5,5,1.38,3.9,0.581203068,3.1,0.63408689,1.7,0.261622477,1.7,0.259751553
260828.6857,94471.24873,60163.39478,21347.47075,53244.46212,21810.6098,6973.241327,3895.728835,1394.023743,695.02,17.26,15.89,29.74,3.84,15.92,3.38,1.03,3.15,0.48,2.85,0.58,1.61,0.238566906,1.49,0.22
258491.5111,89972.61784,63816.72754,22191.721,53387.40027,21884.79555,15357.73387,4555.006023,1239.132216,1371.14,22.08,74.71,130.98,14.06,51.91,8.51,2.31,6.07,0.77,3.96,0.76,1.96,0.291663276,1.83,0.26
265970.4698,89178.7418,59852.47284,20201.70254,52529.77135,23145.95325,15357.73387,4555.006023,1084.240689,972,17,31,55,7.056786404,28.5,5.35,1.45,4.2,0.601076725,3,0.597395579,1.55,0.233168575,1.48,0.226136646
264100.7301,88914.11645,58297.86316,19176.54152,50743.04444,22626.65302,16935.01465,4555.006023,1084.240689,1040,17,36,63.5,8.055540603,32,5.5,1.53,4.6,0.641026831,3.05,0.61147561,1.6,0.232425466,1.42,0.216968944
263165.8603,89972.61784,59463.82042,20744.43485,52887.11674,22626.65302,14942.65999,4495.071733,1084.240689,960,17.5,31,55,7.056786404,28.5,5.2,1.43,4.1,0.603012471,3.15,0.639635671,1.7,0.248582104,1.53,0.233776398
263633.2952,89972.61784,57365.09735,19779.57742,50171.29182,24258.73947,19425.45798,4674.874602,1006.794926,1280,17.4,45.5,81,10.29395911,41,7.2,1.9,5.4,0.728264442,3.25,0.650733232,1.7,0.238610054,1.4,0.213913043
266905.3397,87855.61507,55266.37428,19236.84511,50028.35367,23591.06774,19674.50231,4555.006023,1006.794926,1248,17,44.5,80,10.11673407,40,7,1.84,4.95,0.680110461,3.15,0.605510671,1.5,0.219337151,1.35,0.206273292
269102.2838,93465.67241,57986.94122,19598.66665,52958.58581,23442.69624,14693.61565,4375.203153,1161.686453,907,16.5,27.7,50.6,5.9,23.8,4.6,1.3,3.5,0.54,3.3,0.64,1.78,0.26,1.83,0.26
262090.76,92248.39582,62495.30931,21588.68511,55031.18904,21884.79555,15440.74865,4555.006023,1161.686453,1135,18.5,43.9,72.5,8.3,32.8,5.7,1.5,4.2,0.58,3.7,0.71,1.98,0.31,1.94,0.3
263726.7822,91136.96936,56432.33154,19900.1846,51672.14243,23368.5105,19591.48754,4854.677471,1006.794926,1298,16.6,50.1,85.9,10.2,41.5,7.2,1.8,5.7,0.66,3.8,0.72,1.86,0.25,1.48,0.24
261950.5295,91136.96936,61873.46543,21226.86357,54888.25088,22626.65302,13863.46788,4555.006023,1239.132216,904,18.3,24.2,44.6,5.3,20.9,4.1,1.3,3.2,0.43,2.9,0.57,1.67,0.21,1.29,0.24
268167.414,88967.04152,54722.26089,18694.1128,50385.69905,24184.55372,19591.48754,4495.071733,1006.794926,1226,15.9,42.6,78.3,9.2,34.6,6.1,1.7,4.6,0.52,3.1,0.52,1.37,0.2,1.38,0.19
253209.4965,90501.86853,65293.60674,22915.36408,58819.0501,21513.86681,11456.03932,4135.465994,1316.57798,901,18.4,25.8,46.6,5.4,20.4,3.8,1,3.2,0.45,2.7,0.54,1.48,0.22,1.44,0.22
264287.7041,96164.85095,60396.58623,20804.73844,54673.84365,22552.46727,7886.403881,3955.663125,1161.686453,700,15.5,13.7,25.8,3.3,13.4,2.9,0.8,2.7,0.37,2.5,0.48,1.41,0.19,1.3,0.2
251199.5263,88014.39027,62417.57882,21468.07793,53458.86935,21291.30956,15440.74865,4495.071733,1239.132216,1344,19.9,66.7,116.4,12.2,45.3,7.3,2,5,0.64,3.6,0.65,1.73,0.25,1.68,0.25
266157.4438,90660.64374,59308.35945,20262.00613,53101.52397,23442.69624,15689.79298,4614.940312,1084.240689,983,16.7,30.7,56.2,6.6,26.4,4.9,1.4,4.1,0.47,3,0.57,1.58,0.22,1.34,0.2
265456.2914,90025.54291,57909.21074,19598.66665,51958.01874,22997.58176,17433.10332,4555.006023,1084.240689,1048,16.3,35.6,65,7.5,30.1,5.3,1.4,4.2,0.51,2.9,0.57,1.42,0.21,1.37,0.2
264521.4216,90078.46798,59697.01188,20623.82767,52672.70951,22700.83877,15689.79298,4614.940312,1161.686453,951,17,30.2,56.3,6.6,26,4.4,1.3,4,0.5,3,0.56,1.55,0.22,1.35,0.22
305562.2076,93571.52255,30003.96691,10131.00307,38093.01786,34199.62965,9214.640324,2577.17446,464.6745811,481,8.6,6.7,14.3,1.9,7.7,1.8,0.6,1.5,0.2,1.3,0.3,0.8,0.1,0.7,0.1
296587.4571,91613.29499,37466.09339,14111.03999,39736.80663,33828.70091,8218.462992,3056.648778,619.5661082,524,8.9,6.5,13.8,1.8,8.3,2,0.6,1.8,0.2,1.5,0.3,0.7,0.1,0.8,0.1
287939.9111,87590.98972,42285.38341,20503.22049,41452.06447,31454.75699,8384.492547,3296.385937,697.0118717,499.09,11.19,7.27,15.72,2.19,9.54,2.3,0.73,2.23,0.33,1.92,0.38,1.05,0.154686627,0.96,0.14
286537.6063,87326.36437,38709.78114,14593.4687,40380.02832,32196.61446,7969.418659,3176.517358,619.5661082,496.03,11.6,7.55,16.35,2.26,9.85,2.33,0.73,2.23,0.34,1.95,0.4,1.06,0.158526825,1,0.15
303739.2114,93148.122,30392.61933,10311.91384,38093.01786,35089.85862,9297.655102,2577.17446,542.1203446,482,8.4,6.5,13.9,1.8,7.6,1.6,0.6,1.4,0.2,1.4,0.3,0.7,0.1,0.8,0.1
300093.219,93624.44762,32491.3424,11216.46768,39379.46124,34570.55839,8965.595991,2697.04304,542.1203446,485,8.6,6.6,13.7,1.7,8,1.7,0.5,1.6,0.2,1.4,0.3,0.8,0.1,0.7,0.1
295792.8178,90713.56881,38865.24211,14472.86152,40665.90462,32567.5432,8301.47777,3176.517358,697.0118717,446,10.7,6.6,14.6,1.9,8.9,2.1,0.6,2,0.3,1.8,0.4,1,0.1,0.9,0.2
294717.7174,91401.59471,39642.54695,14593.4687,40951.78093,32938.47194,8633.536881,3356.320227,619.5661082,464,10.2,7,14.9,2,9.2,2,0.7,2.2,0.3,2,0.4,1.1,0.2,1.1,0.2
290557.5466,88226.09055,41585.80905,20804.73844,42238.22431,31974.05722,8882.581214,3236.451648,697.0118717,492,9.5,6.4,13.6,1.78,8.07,1.85,0.58,1.76,0.25,1.64,0.32,0.88,0.13,0.93,0.14
259893.8159,77270.6012,54566.79992,44323.13842,57889.9521,24852.22545,10293.83243,4375.203153,929.3491622,920.4,13.1,19.99,44.22,5.43,22.15,4.18,1.18,3.28,0.43,2.42,0.46,1.29,0.192388645,1.21,0.18
278591.2127,80710.73071,48814.74409,29850.27689,48598.97213,28709.88433,10791.9211,4375.203153,774.4576352,657.01,11.49,19.92,39.51,4.92,20.08,3.96,1.09,3.13,0.41,2.18,0.39,1.01,0.143161238,0.85,0.12
264100.7301,80446.10536,54178.1475,40101.88714,56460.57057,26781.05489,9878.758546,4495.071733,851.9033987,867.42,13.45,19.44,39.32,4.99,20.72,4,1.13,3.26,0.44,2.43,0.46,1.21,0.180076999,1.13,0.16
254752.0317,84680.11091,56976.44493,34674.56407,64679.51439,26706.86914,11871.11321,4555.006023,929.3491622,1145,16.9,32,60,7.587550555,30,6.05,1.48,4.3,0.617484475,3.1,0.63408689,1.7,0.257019992,1.64,0.250583851
258257.7936,81239.9814,54566.79992,42212.51278,55174.12719,27374.54087,10791.9211,4315.268864,929.3491622,970,14,23,45,5.792194645,23.5,4.45,1.22,3.5,0.497228572,2.45,0.493702744,1.3,0.196995924,1.26,0.192521739
259893.8159,81769.2321,54411.33895,41006.44098,55602.94165,26929.42638,10874.93588,4375.203153,929.3491622,1000,13.5,23,44,5.665735469,23,4,1.21,3.5,0.493559873,2.4,0.488153963,1.3,0.196995924,1.26,0.192521739
261296.1206,80446.10536,56820.98396,39197.33329,54316.49827,26929.42638,9380.66988,4974.546051,929.3491622,670,13.5,21,42,5.463582981,22.5,4.5,1.15,3.4,0.48815822,2.45,0.485171494,1.25,0.181630338,1.11,0.169602484
260828.6857,76847.20065,54100.41701,44383.44201,56889.38503,25297.33994,10044.7881,4315.268864,929.3491622,900,13.1,21.5,43,5.488510429,22,4.25,1.14,3.2,0.462680118,2.35,0.482605183,1.3,0.191626359,1.19,0.181826087
263633.2952,79916.85467,54255.87798,41006.44098,55745.8798,26706.86914,9712.728991,4435.137443,851.9033987,860,13.5,19,41,5.337123806,22,4.1,1.13,3.15,0.458144942,2.35,0.474073933,1.25,0.184698661,1.15,0.175714286
270644.819,85368.13681,51302.11958,32443.33125,47884.28137,28932.44157,11373.02454,5094.414631,851.9033987,641,11.8,16.2,32.5,4.287603742,18,3.9,1.07,3.15,0.450807544,2.25,0.437382622,1.1,0.160847244,0.99,0.151267081
268775.0793,79652.22932,52001.69394,36966.10048,51314.79705,26632.68339,8965.595991,4435.137443,851.9033987,550,12.8,12.3,26,3.491002031,15,3.2,0.91,2.9,0.420794266,2.15,0.434816311,1.15,0.173144507,1.1,0.168074534
269709.9492,83727.45966,51379.85006,32262.42048,48241.62675,28190.58409,10957.95066,5034.480341,851.9033987,612,11.4,16,32,4.229450741,17.8,3.55,1.02,2.85,0.419927789,2.2,0.431833841,1.1,0.159313082,0.97,0.14821118
273449.4286,83092.35883,51379.85006,34071.52817,47526.93598,28561.51283,10376.84721,4794.743182,774.4576352,570,11.8,13.4,30,3.996838735,17,3.6,0.95,2.95,0.436335539,2.3,0.442931402,1.1,0.161614325,1,0.152795031
274851.7333,82827.73348,47571.05634,31659.38458,43596.13677,27819.65535,12867.29054,3955.663125,774.4576352,582,10.8,15,30,3.824234796,15.3,3.1,0.91,2.7,0.380641367,1.85,0.375929878,1,0.146991848,0.91,0.139043478
275786.6032,82033.85744,47726.51731,31357.86663,45454.33276,26706.86914,12784.27577,4015.597415,774.4576352,585,10.7,15,30,3.895307006,16,3.25,0.88,2.5,0.369838062,1.95,0.387027439,1,0.147758929,0.92,0.140571429
227640.8063,70019.86671,71667.50644,56202.94558,62178.0967,14540.40653,28474.06875,9050.077755,1084.240689,1670,17.1,24,49,6.399563077,26.5,5.05,1.51,4.35,0.62568835,3.15,0.631104421,1.65,0.233216518,1.38,0.210857143
307572.1778,84680.11091,26039.71221,9286.752811,28587.63067,31825.68572,13116.33488,2337.437301,464.6745811,500,8.6,12.8,24,2.984254358,11.5,2.5,0.63,2,0.287799312,1.45,0.297414634,0.8,0.116212733,0.71,0.108484472
304300.1333,85738.61229,27050.20851,9889.788708,29588.19774,32567.5432,13614.42354,2457.305881,542.1203446,512,8.3,12.6,24,3.035020222,12,2.75,0.63,2.2,0.309608714,1.5,0.302963415,0.8,0.115445652,0.7,0.106956522
301495.5238,86003.23764,30781.27175,12301.9323,30874.64112,33680.32942,13199.34965,2756.977329,542.1203446,518,9.1,12,25,3.161479398,12.5,2.8,0.73,2.2,0.324283511,1.7,0.342221037,0.9,0.13160229,0.81,0.123763975
301028.0889,87855.61507,28993.47061,11698.8964,31089.04835,35164.04437,13033.3201,2697.04304,542.1203446,538,8.8,12,25,3.161479398,12.5,2.7,0.71,2.1,0.304207062,1.55,0.317043445,0.85,0.123140431,0.75,0.114596273
305702.4381,84150.86021,31869.49853,13749.21845,33161.65157,32270.80021,12452.21665,2876.845909,542.1203446,500,9.2,12.5,27,3.34332554,12.8,2.8,0.64,2.3,0.326016464,1.6,0.331123476,0.9,0.128533967,0.77,0.117652174
300326.9365,85209.3616,29537.584,12362.23588,30731.70297,33902.88666,13282.36443,2816.911619,542.1203446,512,8.4,11.8,23.5,2.97686722,11.8,2.6,0.66,2.2,0.313277413,1.55,0.317043445,0.85,0.123140431,0.75,0.114596273
303832.6984,85209.3616,28449.35722,10613.43178,29302.32143,32715.9147,12784.27577,2697.04304,542.1203446,508,8.4,12.5,25,3.151326225,12.4,2.8,0.7,2.3,0.326016464,1.6,0.314060976,0.8,0.116979814,0.72,0.110012422
306169.873,88120.24041,28371.62674,10673.73537,30731.70297,34867.30138,12701.26099,2577.17446,542.1203446,540,9,12.8,26,3.440236167,14.5,3.202272913,0.65,1.936147092,0.285676327,1.5,0.320025915,0.9,0.121630241,0.68,0.103900621
301962.9587,89972.61784,27982.97432,10854.64614,30374.35758,35980.08759,13199.34965,2816.911619,542.1203446,540,8.7,12.8,27,3.465163614,14,3.121310112,0.65,1.936147092,0.285676327,1.5,0.302963415,0.8,0.111610248,0.65,0.09931677
299158.3492,87855.61507,34978.7179,15075.89742,36449.2291,32790.10044,11788.09843,3056.648778,619.5661082,512,10.7,11.9,25,3.313776991,14,3.187029472,0.7,2.134862597,0.325712718,1.8,0.370381098,1,0.140855202,0.83,0.126819876
306169.873,88120.24041,28371.62674,10673.73537,30731.70297,34867.30138,12701.26099,2577.17446,542.1203446,549.71,8.63,12.37,25.22,3.19,12.91,2.52,0.75,2.09,0.29,1.52,0.29,0.75,0.110052116,0.68,0.1
286303.8889,91031.11923,41119.42615,14171.34358,36806.57448,32270.80021,20172.59098,3655.991676,851.9033987,820,13,32,59,7.105730329,26,4.6,1.25,3.4,0.469814724,2.2,0.440365091,1.15,0.17621283,1.14,0.174186335
273916.8635,92883.49665,46871.48198,17910.16614,43381.72954,33161.02918,17765.16243,4435.137443,851.9033987,910,14,32,60,7.384487098,28,5,1.4,3.8,0.528108326,2.5,0.482189024,1.2,0.184674689,1.2,0.183354037
276254.0381,93148.122,46171.90762,17427.73742,43453.19861,32493.35745,17931.19198,4315.268864,851.9033987,915,13.8,31.5,60,7.333721233,27.5,5.15,1.37,3.6,0.502630224,2.4,0.462560213,1.15,0.17621283,1.14,0.174186335
273916.8635,93412.74735,48426.09166,17970.46973,43953.48215,33235.21493,17350.08854,4495.071733,929.3491622,890,14,31.5,59,7.156496193,26.5,5.1,1.39,3.9,0.537178678,2.5,0.490720274,1.25,0.187766984,1.19,0.181826087
271112.2539,93148.122,48503.82215,19297.1487,45382.86368,32641.72895,16768.98509,4555.006023,929.3491622,878,14.7,30.5,58,7.233100474,28,5.2,1.43,4.2,0.582733229,2.75,0.552589177,1.45,0.21010821,1.28,0.19557764
263165.8603,93677.37269,52468.07684,22493.23895,48741.91029,32567.5432,15191.70432,4974.546051,1006.794926,902,15.4,30.5,58,7.283866339,28.5,5,1.51,4.1,0.573662877,2.75,0.561120427,1.5,0.220104231,1.36,0.207801242
267840.2095,93677.37269,49436.58796,20322.30972,45668.73999,32493.35745,16685.97032,4555.006023,929.3491622,870,14.5,30,59,7.207262057,27,5.05,1.43,4,0.564592526,2.75,0.535526677,1.35,0.203923622,1.3,0.19863354
255219.4666,93783.22283,57598.2888,27920.56202,54316.49827,30861.27101,13282.36443,5394.086079,1084.240689,902,16,28,55,7.00602054,28,5.4,1.46,4.4,0.615548729,2.95,0.583315549,1.5,0.220871312,1.37,0.209329193
249610.2476,92195.47075,61251.62156,31719.68817,55888.81796,29971.04203,12701.26099,5693.757528,1084.240689,890,16.3,28,52,6.677408876,27,5.2,1.48,4.3,0.606478378,2.95,0.583315549,1.5,0.220871312,1.37,0.209329193
262698.4254,93889.07297,52701.2683,23458.09639,50028.35367,32567.5432,14527.5861,5094.414631,1006.794926,958,14,30,56,7.081713851,28,1.9,1.45,4.05,0.561790303,2.65,0.515897866,1.3,0.190859278,1.18,0.180298137
258024.0762,94841.72422,54722.26089,24905.38254,50314.22997,33086.84343,14444.57132,5334.15179,1006.794926,968,14,28,56,6.574055208,23,5.4,1.48,3.9,0.548184776,2.65,0.507366616,1.25,0.185465741,1.16,0.177242236
258257.7936,95794.37546,53634.03411,24362.65023,50743.04444,33309.40068,14361.55654,5274.2175,929.3491622,985,14,28,55,6.853722947,26.5,5.1,1.51,4.2,0.575395831,2.65,0.515897866,1.3,0.189325116,1.16,0.177242236
256621.7714,93148.122,57365.09735,25930.54356,52887.11674,31751.49998,13780.4531,5693.757528,1006.794926,935,14.3,29,54,6.930327228,28,5,1.48,4.2,0.57906453,2.7,0.538509146,1.4,0.200112189,1.2,0.183354037
251479.9873,93677.37269,60707.50817,29186.93741,55031.18904,31158.014,13116.33488,5873.560398,1006.794926,944,14.5,28,52.5,6.816787261,28,5.1,1.51,4.2,0.582733229,2.75,0.544057927,1.4,0.197043866,1.16,0.177242236
273916.8635,92883.49665,46871.48198,17910.16614,43381.72954,33161.02918,17765.16243,4435.137443,851.9033987,956.16,14.04,31.75,61.23,7.21,27.65,4.8,1.42,3.76,0.47,2.55,0.49,1.27,0.187776572,1.17,0.17
286303.8889,91031.11923,41119.42615,14171.34358,36806.57448,32270.80021,20172.59098,3655.991676,851.9033987,844.77,12.94,31.74,59.71,6.81,25.23,4.28,1.26,3.32,0.44,2.29,0.44,1.21,0.179309918,1.12,0.16
253349.727,93941.99804,58375.59364,29307.54459,55388.53442,30861.27101,13116.33488,5454.020369,1084.240689,960.67,17.15,28.72,57.18,6.98,27.77,5.1,1.55,4.23,0.57,3.08,0.58,1.58,0.230114635,1.41,0.21
243066.1587,89972.61784,64360.84093,37991.2615,60748.71517,27745.46961,11456.03932,5633.823238,1161.686453,865,18,25.5,50,6.322958796,25,5,1.44,4.25,0.620286698,3.2,0.628121951,1.6,0.245465839,1.59,0.242944099
247740.5079,93412.74735,62961.69221,30453.31279,61463.40594,28116.39834,11871.11321,5573.888949,1239.132216,815,17.8,24.5,48,6.171572173,25,4.85,1.47,4.35,0.629357049,3.2,0.645184451,1.7,0.257787073,1.65,0.252111801
256154.3365,95794.37546,56665.52299,23578.70357,48956.31752,34125.4439,14278.54176,5154.34892,1084.240689,880,17,29,58,7.334632203,29,5.4,1.58,4.55,0.640160355,3.1,0.62555564,1.65,0.243188568,1.51,0.230720497
257089.2063,93677.37269,56976.44493,24000.82869,49313.6629,33012.65769,13863.46788,5034.480341,1084.240689,865,17.5,29.5,59,7.410325515,29,5.5,1.57,4.35,0.62568835,3.15,0.622573171,1.6,0.237795031,1.49,0.227664596
259426.3809,93412.74735,56820.98396,23759.61433,51457.7352,32864.28619,13946.48265,5094.414631,1084.240689,876,17.3,29,58,7.385398067,29.5,5.4,1.53,4.55,0.647497753,3.2,0.628121951,1.6,0.235493789,1.46,0.223080745
260828.6857,95794.37546,53323.11217,23156.57844,47526.93598,34273.8154,15191.70432,5334.15179,929.3491622,918,15,28.5,56,6.980182123,27,5.2,1.48,4.2,0.582733229,2.75,0.535526677,1.35,0.203156541,1.29,0.19710559
260828.6857,94471.24873,54178.1475,23819.91792,47741.34321,33754.51516,15025.67476,5334.15179,929.3491622,905,15.2,28.5,57,7.157407163,28,5.4,1.49,4.1,0.577331577,2.8,0.541075457,1.35,0.203923622,1.3,0.19863354
260828.6857,95265.12477,53867.22556,22674.14972,46812.24522,33828.70091,15191.70432,4974.546051,1006.794926,875,16,28.5,56,7.081713851,28,5.25,1.48,4.35,0.607344854,2.9,0.577766768,1.5,0.220871312,1.37,0.209329193
260361.2508,96323.62616,53867.22556,20804.73844,46454.89983,34496.37264,14610.60087,4674.874602,1084.240689,910,16.5,30.5,59,7.511857243,30,5.5,1.57,4.7,0.642759785,2.95,0.591846799,1.55,0.231634414,1.46,0.223080745
261763.5555,94735.87408,52701.2683,22071.11382,45740.20907,33235.21493,15440.74865,4854.677471,1006.794926,870,16,27.5,53,6.753102188,27,5.2,1.3,4.05,0.580133799,2.9,0.577766768,1.5,0.223172554,1.4,0.213913043
263633.2952,89707.99249,55266.37428,25508.41844,49671.00828,30564.52802,15108.68954,5034.480341,1084.240689,775,16.8,28.5,54.5,6.765110427,26,4.85,1.42,4,0.579267322,2.95,0.600378049,1.6,0.23626087,1.47,0.224608696
267372.7746,89707.99249,53167.6512,23216.88203,47884.28137,30712.89951,15440.74865,4794.743182,1084.240689,785,16.5,29,55,6.802957082,26,4.85,1.42,3.8,0.55378922,2.85,0.589280488,1.6,0.233959627,1.44,0.220024845
269242.5143,94418.32366,49980.70135,20262.00613,47026.65245,31899.87147,16021.8521,4674.874602,929.3491622,865,14.5,28.5,54,6.828795499,27,6.120126238,1.33,3.85,0.528974803,2.45,0.536358994,1.55,0.213991557,1.23,0.187937888
267840.2095,94206.62339,48814.74409,20382.61331,42881.446,33012.65769,16353.91121,4614.940312,929.3491622,860,14.5,28.5,55,6.904488811,27,5,1.4,4.15,0.567191956,2.6,0.518880335,1.35,0.200088218,1.25,0.190993789
270177.3841,93148.122,48581.55263,19960.48818,43953.48215,33383.58642,16851.99987,4614.940312,929.3491622,875,15.5,29.5,57.5,7.09372209,27,5.1,1.44,4,0.564592526,2.75,0.535526677,1.35,0.204690703,1.31,0.200161491
234839.3041,83780.38473,67547.79078,50051.97944,79330.6751,17507.83644,11123.98021,3835.794545,1006.794926,467,17.6,6.64,14.25,1.92,8.6,2.59,0.87,2.79,0.46,2.85,0.58,1.63,0.25,1.67,0.25
250171.1695,90501.86853,64594.03238,38714.90458,47669.87414,24926.4112,20006.56143,4435.137443,1161.686453,585,17.9,22.45,49.07,6.41,25.64,5.07,1.68,5.15,0.65,3.4,0.62,1.73,0.26,1.71,0.25
267466.2616,98969.87962,55033.18282,25146.5969,28873.50697,37315.43105,17848.1772,2816.911619,1161.686453,266,13.8,7.43,15.08,2.01,9.02,2.43,0.88,2.34,0.37,2.26,0.48,1.39,0.22,1.5,0.23
255312.9536,81081.20619,86824.95087,24603.86459,59676.67902,20846.19508,13863.46788,5753.691818,1626.361034,413,25.2,11.56,27.16,4.02,19.77,4.96,1.37,4.6,0.81,4.95,1,2.89,0.44,2.73,0.4
292380.5428,89813.84263,39720.27743,17608.64819,40451.49739,29896.85629,14776.63043,2816.911619,697.0118717,524,9.5,12.3,23.2,2.8,11,2.3,0.6,1.9,0.3,1.5,0.3,0.9,0.1,0.9,0.1
294343.7695,89019.96659,42285.38341,19297.1487,40737.3737,29525.92755,14776.63043,2936.780199,697.0118717,506,9.9,12.9,24,2.9,12.2,2.5,0.7,2,0.3,1.8,0.4,0.9,0.2,0.9,0.1
291118.4686,87432.21451,41119.42615,22674.14972,42023.81708,31009.6425,11206.99499,3056.648778,697.0118717,495,9,9.1,17.5,2.2,10.2,2.1,0.6,1.9,0.3,1.6,0.3,0.8,0.1,0.8,0.1
289809.6508,88331.94069,41352.6176,22312.32818,41809.40985,30490.34227,11290.00977,2996.714489,697.0118717,487,8.4,8.9,17.2,2.2,9,2.1,0.6,2.2,0.3,1.6,0.3,0.8,0.1,0.8,0.1
257089.2063,99234.50497,57054.17541,24061.13228,54387.96735,33977.07241,6060.078772,3476.188807,851.9033987,604,10.3,7.7,15.6,2.1,9.7,2.3,0.8,2.1,0.3,1.8,0.4,1,0.1,0.9,0.1
280087.0044,92036.69554,45705.52472,22975.66767,44882.58015,29451.7418,8135.448214,3655.991676,619.5661082,431,11.8,7.8,14,2.1,9.9,2.2,0.8,2.2,0.3,2,0.4,1.1,0.2,1,0.2
276861.7035,89390.44208,52001.69394,24000.82869,45954.6163,29229.18456,7305.300437,3655.991676,774.4576352,376,14.8,8.6,13.7,2.5,11.4,2.6,0.8,3,0.4,2.4,0.5,1.3,0.2,1.1,0.2
241663.854,98969.87962,67703.25175,44383.44201,52601.24043,21662.2383,1743.310332,3356.320227,1316.57798,262,28.3,18.3,25.2,5.2,24.4,4.9,1.3,5.8,0.8,4.8,0.9,2.6,0.4,2.4,0.3
285275.532,91666.22006,41585.80905,17307.13024,43810.544,31751.49998,9546.699435,3356.320227,697.0118717,473,12.3,6.7,14,1.9,8.7,2,0.7,2.1,0.3,2,0.4,1.2,0.2,1.2,0.2
268962.0533,82351.40786,52390.34636,36483.67176,49956.88459,29303.37031,10376.84721,5034.480341,851.9033987,536.7,16.34,14.06,31.14,4.128818388,17.45,3.62,1.12,3.62,0.538196327,2.86,0.573327744,1.5,0.227007958,1.45,0.221552795
299064.8622,81081.20619,42207.65293,15377.41537,32804.30619,27893.8411,20670.67965,5394.086079,619.5661082,376.5,23.83,24,50.4,6.589805048,27.33,5.74,1.36,5.01,0.751589257,4.05,0.79752622,2.04,0.300906599,1.87,0.285726708
271719.9193,89284.59194,50913.46716,28101.47279,49170.72475,28858.25582,9878.758546,4854.677471,774.4576352,547.1,13.06,14.14,24.82,3.457526374,15.55,2.98,0.97,2.77,0.420742646,2.31,0.430391159,1.02,0.145467275,0.87,0.132931677
268167.414,90766.49388,49669.77941,27196.91895,46955.18337,30341.97077,16187.88165,5034.480341,929.3491622,990,13.6,22.8,45,5.761735126,23.2,5.412801847,1.26,3.5,0.50456597,2.55,0.526981555,1.43,0.198592411,1.15,0.175714286
267793.466,90660.64374,49436.58796,27317.52613,47598.40506,30490.34227,16187.88165,5094.414631,851.9033987,1000,14.1,23.4,47,5.963887614,23.7,5.480620776,1.25,3.7,0.519037974,2.5,0.511195274,1.37,0.195495322,1.17,0.178770186
266017.2133,91189.89443,49747.5099,27799.95484,49027.78659,30490.34227,15772.80776,5034.480341,929.3491622,1000,14.2,23,46,5.837428438,23.2,5.412801847,1.26,3.7,0.526375373,2.6,0.534236585,1.44,0.20396677,1.21,0.184881988
267232.5441,89390.44208,49825.24038,28463.29433,49313.6629,30341.97077,15689.79298,4974.546051,851.9033987,984,14.1,21.8,44,5.614969605,22.5,5.246878437,1.22,3.5,0.500897271,2.5,0.507782774,1.35,0.196252814,1.2,0.183354037
267513.0051,90396.01839,50136.16232,28282.38356,46812.24522,30267.78503,16104.86687,5094.414631,851.9033987,950,13.6,22.6,45,5.771888299,23.3,5.415850535,1.25,3.7,0.519037974,2.5,0.516314024,1.4,0.194742624,1.13,0.172658385
267092.3136,89655.06742,50835.73668,28704.50869,48598.97213,29154.99881,15689.79298,5034.480341,929.3491622,954,14,22.2,44,5.56420374,22,5.192203381,1.24,3.5,0.500897271,2.5,0.516314024,1.4,0.197810947,1.17,0.178770186
266578.1352,90184.31812,50136.16232,28402.99074,48527.50306,30119.41353,15855.82254,5154.34892,929.3491622,960,13.9,21.7,44,5.645429123,22.8,5.282312246,1.21,3.6,0.513636322,2.55,0.521862805,1.4,0.20087927,1.21,0.184881988
268868.5663,90343.09332,49203.39651,27136.61536,47383.99783,30119.41353,16270.89643,4974.546051,851.9033987,975,15.2,27,47,6.298942318,27,6.172701727,1.37,4,0.564592526,2.75,0.552589177,1.45,0.207806968,1.25,0.190993789
250732.0914,85632.76216,60785.23865,40644.61945,58104.35933,26929.42638,13282.36443,5513.954659,1084.240689,928,16.8,23,44.5,5.947258274,25.4,5.847901403,1.32,3.9,0.577534369,3.05,0.63706936,1.75,0.247838995,1.47,0.224608696
275973.5771,90343.09332,45550.06375,23337.48921,42667.03877,30787.08526,18678.32498,4614.940312,774.4576352,906,13,20,41,5.337123806,22,5.060764659,1.14,3.4,0.491826919,2.5,0.524845274,1.45,0.206272807,1.23,0.187937888
272561.3022,91136.96936,47726.51731,24664.16818,44310.82753,30045.22778,17516.11809,4794.743182,851.9033987,856,14.5,20.4,42,5.463582981,22.5,5.181159077,1.17,3.7,0.522706674,2.55,0.538925305,1.5,0.211666343,1.25,0.190993789
258444.7676,91613.29499,53400.84265,34312.74253,51243.32797,29748.48479,13531.40876,5154.34892,929.3491622,915,14.3,18.5,38,5.069431179,21.6,5.088001524,1.21,3.6,0.524642419,2.7,0.564102896,1.55,0.219361122,1.3,0.19863354
262230.9905,90554.7936,50991.19764,32624.24202,50814.51351,29822.67054,14361.55654,4974.546051,929.3491622,900,14.4,18.5,37.5,5.021431351,21.5,5.019233475,1.17,3.6,0.517305021,2.6,0.527411585,1.4,0.203947593,1.25,0.190993789
277188.9079,94947.57436,43606.80164,17548.3446,41666.4717,31899.87147,19591.48754,4435.137443,774.4576352,930,14.4,21.6,43,5.559582639,22.7,5.147824836,1.12,3.6,0.517305021,2.6,0.561536585,1.6,0.227822981,1.36,0.207801242
255546.6711,92195.47075,55344.10476,29548.75894,55888.81796,29748.48479,15108.68954,5633.823238,929.3491622,1270,14.7,26.6,53,7.017084682,29.6,6.698859268,1.45,3.9,0.555522174,2.75,0.552589177,1.45,0.211642372,1.3,0.19863354
286116.9149,93836.1479,40497.58228,14352.25434,38021.54879,31083.82825,19010.38409,4375.203153,774.4576352,715,17.8,22.4,45,5.59928436,21.6,4.982850547,1.13,4,0.587338461,3.06,0.646710366,1.8,0.264738742,1.64,0.250583851
287752.9371,90872.34402,37466.09339,17126.21947,36163.35279,32790.10044,21583.8422,3835.794545,697.0118717,980,12.1,22.3,43,5.407285046,21.2,4.826073201,1.06,3.3,0.459276893,2.18,0.463739329,1.3,0.187023874,1.13,0.172658385
262277.734,93148.122,51457.58055,25809.93638,50314.22997,30787.08526,17101.04421,5573.888949,929.3491622,1085,15.9,24.7,50,6.475256389,26.5,6.091738926,1.37,4,0.557255127,2.65,0.567085366,1.6,0.225521739,1.33,0.203217391
263072.3733,91295.74457,51846.23297,26593.88305,49885.41551,30416.15652,18097.22154,5454.020369,929.3491622,1060,15.6,24.5,47,6.19741059,26,5.945056765,1.32,4,0.553586428,2.6,0.578599085,1.7,0.237842974,1.39,0.212385093
266204.1873,90343.09332,52390.34636,25448.11485,49742.47736,30045.22778,16436.92598,5154.34892,929.3491622,945,14.9,21.2,41,5.540187263,24,5.424047479,1.17,3.7,0.511700576,2.4,0.522278963,1.5,0.213200505,1.27,0.194049689
272888.5066,91401.59471,46638.29053,22975.66767,43095.85323,32641.72895,18512.29543,4614.940312,851.9033987,990,14.3,25.1,47,6.095878861,25,5.612260825,1.19,3.8,0.513433529,2.3,0.511181402,1.5,0.213200505,1.27,0.194049689
271719.9193,90131.39305,45860.98569,26171.75792,43596.13677,32048.24297,19176.41365,4614.940312,851.9033987,1090,13.8,25.5,47,6.045112997,24.5,5.557585769,1.21,3.9,0.52617258,2.35,0.533792683,1.6,0.219385093,1.25,0.190993789
268073.927,92195.47075,49747.5099,23578.70357,47598.40506,31454.75699,16851.99987,4734.808892,1006.794926,1090,14.9,26,48.5,6.260184693,25.5,5.785230731,1.26,4,0.549917729,2.55,0.555987805,1.6,0.227055901,1.35,0.206273292
262090.76,91401.59471,51846.23297,29006.02664,51672.14243,31232.19974,14112.51221,5274.2175,929.3491622,1005,13.6,20.8,39.5,5.223583838,22,5.192203381,1.24,3.7,0.511700576,2.4,0.505216463,1.4,0.197043866,1.16,0.177242236
265970.4698,91719.14513,52623.53781,25990.84715,50099.82274,28932.44157,14693.61565,5094.414631,929.3491622,828,13.6,18.4,35,4.679900479,20,4.723769584,1.13,3.2,0.466348817,2.4,0.488153963,1.3,0.187790955,1.14,0.174186335
280087.0044,92089.62061,42363.1139,18513.20203,40022.68293,33086.84343,19757.51709,4315.268864,774.4576352,963,12.9,24.6,45,5.792194645,23.5,5.303653062,1.14,3.4,0.462477326,2.1,0.47192378,1.4,0.197043866,1.16,0.177242236
265035.6,91877.92034,50447.08425,26232.06151,47455.46691,31454.75699,18014.20676,5214.28321,851.9033987,1240,13.6,27.4,52.5,6.816787261,28,6.347771201,1.38,4,0.538911631,2.4,0.522278963,1.5,0.205529697,1.17,0.178770186
265503.0349,90766.49388,49902.97086,26835.09741,47955.75044,31825.68572,17931.19198,5154.34892,851.9033987,1240,13.8,27.6,53,6.854633916,28,6.321483456,1.36,3.9,0.533509979,2.45,0.527827744,1.5,0.207830939,1.2,0.183354037
286397.3759,92195.47075,38554.32017,16583.48716,37592.73433,32864.28619,19674.50231,3775.860256,774.4576352,920,12.9,21.3,38,4.876520895,19.7,4.53060931,1.02,3.5,0.478885076,2.2,0.500083841,1.5,0.209365101,1.22,0.186409938
275225.6813,92354.24596,45005.95036,22191.721,43596.13677,30787.08526,18014.20676,4614.940312,774.4576352,816,14.2,20.8,40,5.190358284,21.3,4.934272866,1.13,3.6,0.511435102,2.52,0.535596037,1.5,0.210899262,1.24,0.189465839
274804.9898,91031.11923,45783.2552,24242.04305,43238.79138,31974.05722,16436.92598,4555.006023,774.4576352,905,12.2,19.3,38.5,5.005746106,20.6,4.768349456,1.09,3.1,0.447006108,2.26,0.464086128,1.25,0.177794934,1.06,0.161962733
283172.0749,94577.09887,37310.63242,14593.4687,36878.04356,36573.57357,22081.93087,3596.057386,774.4576352,1260,12.8,27.5,52,6.474345419,25,5.507109848,1.11,3.3,0.461478112,2.21,0.484131098,1.4,0.199345109,1.19,0.181826087
250498.374,94894.64929,57831.48025,30332.70561,59104.92641,30267.78503,11705.08366,5873.560398,1006.794926,920,16.3,18.5,38,5.049124834,21.4,5.173911252,1.3,4,0.575598623,2.9,0.594829268,1.6,0.229357143,1.38,0.210857143
257463.1543,97170.42727,54100.41701,26171.75792,51314.79705,31454.75699,14112.51221,5034.480341,1006.794926,900,17.5,19.2,40.5,5.29927715,22,5.218491125,1.26,3.9,0.581203068,3.1,0.63408689,1.7,0.253184589,1.59,0.242944099
259099.1765,89707.99249,52856.72926,33528.79586,53887.68381,29600.1133,13863.46788,5334.15179,929.3491622,955,15.2,20.2,39,5.216196701,22.3,5.214493317,1.22,3.7,0.522706674,2.55,0.573050305,1.7,0.238610054,1.4,0.213913043
259800.3289,97064.57713,52079.42442,25025.98972,51100.38982,31825.68572,14195.52699,5454.020369,929.3491622,900,17.9,19.6,41,5.357430151,22.2,5.264020117,1.27,4,0.59100716,3.11,0.635196646,1.7,0.257019992,1.64,0.250583851
261529.8381,94630.02394,52701.2683,25327.50767,52100.95689,30564.52802,14195.52699,5394.086079,1006.794926,895,17.3,19.7,40,5.261430494,22,5.192203381,1.24,3.8,0.568464017,3.05,0.64560061,1.8,0.259369177,1.57,0.239888199
262137.5035,90131.39305,53556.30362,32986.06356,50885.98259,28635.69858,12701.26099,5154.34892,929.3491622,860,12,17.5,36,4.816512827,20.6,4.794637201,1.11,3.4,0.484489521,2.4,0.471091463,1.2,0.173168478,1.05,0.160434783
262277.734,91719.14513,50835.73668,29247.241,49956.88459,32122.42872,15191.70432,5094.414631,929.3491622,1040,15,21.5,43,5.67126754,23.8,5.45738172,1.22,3.6,0.52097372,2.65,0.550022866,1.5,0.219337151,1.35,0.206273292
267232.5441,90448.94346,49125.66602,28041.1692,47169.5906,32493.35745,15606.77821,4854.677471,851.9033987,1040,13.8,22,43,5.590042157,23,5.301553494,1.2,3.6,0.509967623,2.5,0.507782774,1.35,0.197019895,1.21,0.184881988
270738.306,90131.39305,48192.90021,25990.84715,47455.46691,30341.97077,15855.82254,4854.677471,851.9033987,914,14,21.5,42.5,5.633420884,23.8,5.391662359,1.17,3.6,0.509967623,2.5,0.533376524,1.5,0.207830939,1.2,0.183354037
276768.2165,90660.64374,42751.76632,23277.18562,41023.25001,33680.32942,18927.36932,4495.071733,774.4576352,1115,12.1,25,47,5.892815404,23,5.235834133,1.15,3.5,0.480352555,2.22,0.468178354,1.3,0.181654309,1.06,0.161962733
283779.7403,91824.99527,40808.50421,17668.95178,39736.80663,33161.02918,17682.14765,3835.794545,774.4576352,950,13.3,24.5,46.5,5.824509229,22.7,5.121537092,1.1,3.3,0.473951689,2.38,0.502996951,1.4,0.203947593,1.25,0.190993789
286257.1454,90025.54291,39331.62501,18694.1128,38593.3014,31751.49998,19425.45798,4015.597415,697.0118717,880,12.9,20,40,4.997447999,19.4,4.508319374,1.04,3.3,0.460744372,2.2,0.483021341,1.4,0.197810947,1.17,0.178770186
292894.7212,93465.67241,34590.06547,11276.77127,32661.36804,34348.00114,22746.04909,3116.583068,851.9033987,963,13,27.7,50.5,6.218661031,23.6,5.24098239,1.08,3.2,0.436999224,2,0.46082622,1.4,0.204714674,1.26,0.192521739
317995.9765,88649.49111,21531.34413,6754.002044,21011.90854,30935.45675,27311.86186,2097.700142,542.1203446,620,13.5,27,49.5,5.696228114,19.2,4.107905834,0.76,3.2,0.451674021,2.2,0.491552591,1.45,0.223148583,1.45,0.221552795
318369.9244,84733.03598,21686.8051,6995.216403,22155.41377,32790.10044,29138.18697,2037.765852,542.1203446,702,11,25,44,5.20884269,18.5,3.91569468,0.7,2.5,0.355163266,1.75,0.398957317,1.2,0.177770963,1.11,0.169602484
251666.9613,90872.34402,55965.94863,38232.47586,54888.25088,29971.04203,12867.29054,5633.823238,929.3491622,1030,14.7,21.5,45,5.812500991,23.7,5.612059497,1.35,4,0.560923826,2.7,0.547040396,1.45,0.208574049,1.26,0.192521739
254004.1359,87855.61507,55655.0267,37810.35073,56532.03965,29896.85629,12618.24621,5454.020369,929.3491622,1020,14.3,21.3,43.5,5.800492752,24.7,5.681977994,1.28,3.8,0.550120521,2.8,0.558137957,1.45,0.21010821,1.28,0.19557764
258444.7676,90766.49388,54100.41701,31960.90253,52887.11674,30416.15652,13448.39399,5633.823238,929.3491622,1000,14.5,21.7,44,5.70634816,23.4,5.510906328,1.31,3.8,0.546451822,2.75,0.561120427,1.5,0.210132182,1.23,0.187937888
258725.2286,89707.99249,52701.2683,31297.56305,55602.94165,30341.97077,14527.5861,5454.020369,929.3491622,1200,15,23.7,47.5,6.306329456,26.7,6.071548558,1.33,3.9,0.560658353,2.82,0.56888872,1.5,0.214734666,1.29,0.19710559
259192.6635,89019.96659,54644.5304,33830.31381,52172.42597,29896.85629,13448.39399,5513.954659,929.3491622,1085,14.2,22,44.5,5.764501162,23.6,5.530147576,1.3,3.6,0.524642419,2.7,0.547040396,1.45,0.208574049,1.26,0.192521739
259987.3028,90184.31812,53323.11217,31719.68817,53387.40027,29748.48479,14112.51221,5154.34892,929.3491622,1032,14.8,22,45,5.893726374,24.5,5.649592873,1.28,3.7,0.533712771,2.7,0.547040396,1.45,0.211642372,1.3,0.19863354
261015.6597,91824.99527,51923.96345,28523.59792,51958.01874,30935.45675,15855.82254,5034.480341,1006.794926,1190,15.2,25,48,6.222338037,25.5,5.850950092,1.31,4.1,0.566325479,2.65,0.584147866,1.7,0.239377135,1.41,0.215440994
261202.6336,90872.34402,51068.92813,30212.09843,51672.14243,32196.61446,14527.5861,5214.28321,851.9033987,1132,14.6,22.9,46.5,6.159563934,26,5.91876902,1.3,4,0.564592526,2.75,0.552589177,1.45,0.208574049,1.26,0.192521739
261342.8641,90660.64374,50758.00619,29609.06253,52243.89505,32344.98596,14693.61565,5154.34892,929.3491622,1130,14.6,23.5,47,6.116185207,25.2,5.789228539,1.3,4,0.54624903,2.5,0.516314024,1.4,0.207782997,1.3,0.19863354
261670.0686,92407.17103,50524.81474,29428.15177,50314.22997,32419.17171,14859.64521,5094.414631,929.3491622,1050,14.8,21.4,42,5.473736154,22.6,5.27621487,1.23,3.5,0.508234669,2.6,0.544474085,1.5,0.21857007,1.34,0.204745342
262651.6819,90501.86853,53556.30362,29729.66971,51100.38982,30267.78503,13614.42354,5154.34892,929.3491622,842,14.7,18.3,36,4.857125519,21,4.938270674,1.17,3.5,0.493559873,2.4,0.513747713,1.45,0.206272807,1.23,0.187937888
263773.5257,91242.8195,50524.81474,28644.2051,50957.45167,30416.15652,15108.68954,5094.414631,929.3491622,1030,14.5,22.2,42.5,5.602961366,23.5,5.382516295,1.2,3.6,0.506298923,2.45,0.544890244,1.6,0.225521739,1.33,0.203217391
264287.7041,92301.32089,51068.92813,29006.02664,49099.25567,30490.34227,13697.43832,5274.2175,851.9033987,860,13.7,20,40,5.241124148,21.8,5.080955028,1.18,3.8,0.529575806,2.52,0.510002287,1.35,0.194718653,1.18,0.180298137
265362.8044,90078.46798,48659.28312,28282.38356,50099.82274,31974.05722,16768.98509,4794.743182,851.9033987,1040,13.9,22.8,42,5.514348846,23,5.327841238,1.22,3.6,0.498961525,2.35,0.516730183,1.5,0.213967585,1.28,0.19557764
267185.8006,91242.8195,47571.05634,26714.49023,48884.84844,31899.87147,17018.02943,4734.808892,851.9033987,1068,14,22,43.5,5.729420542,24,5.437191351,1.18,3.5,0.500897271,2.5,0.516314024,1.4,0.203180512,1.24,0.189465839
296587.4571,91031.11923,32491.3424,11578.28922,30374.35758,33161.02918,26232.66975,3056.648778,697.0118717,930,14.4,30,56,6.878650394,26,5.60331609,1.06,3.5,0.494293612,2.41,0.52338872,1.5,0.225473797,1.43,0.218496894
252788.8051,91242.8195,54799.99137,32443.33125,56746.44688,30935.45675,15606.77821,5813.626108,1006.794926,1310,16.5,28,56,7.284777309,30,6.816204997,1.49,4.1,0.592006373,3,0.622989329,1.7,0.246280862,1.5,0.229192547
256107.593,90131.39305,53400.84265,31900.59894,57461.13764,30564.52802,14195.52699,5454.020369,1006.794926,1240,15.3,23.3,47.5,6.336788974,27,6.159557855,1.36,3.9,0.551853475,2.7,0.564102896,1.55,0.223963606,1.36,0.207801242
256902.2324,91772.0702,54489.06943,29247.241,53601.8075,31083.82825,15855.82254,5753.691818,1006.794926,1220,16.8,27,52.5,6.867553125,28.5,6.494453362,1.43,4.4,0.608211331,2.85,0.606342988,1.7,0.248582104,1.53,0.233776398
258958.946,92724.72144,53089.92072,27558.74048,53172.99304,31232.19974,15689.79298,5454.020369,1006.794926,1164,15.1,24.5,49,6.48078846,27.3,6.181847791,1.34,3.9,0.555522174,2.75,0.578182927,1.6,0.233192547,1.43,0.218496894
259005.6895,91930.8454,53089.92072,27980.86561,53315.9312,31232.19974,16104.86687,5394.086079,1006.794926,1150,15.4,24.3,48.5,6.432788631,27.2,6.139367487,1.32,4,0.568261225,2.8,0.583731707,1.6,0.229357143,1.38,0.210857143
259800.3289,93571.52255,52079.42442,26835.09741,52029.48782,31603.12848,16021.8521,5394.086079,929.3491622,1145,16.5,25.4,51,6.632175083,27.3,6.273854896,1.41,4.1,0.584668975,2.9,0.620423018,1.75,0.247071914,1.46,0.223080745
261202.6336,93253.97214,51613.04152,26593.88305,50671.57536,31974.05722,16270.89643,5394.086079,1006.794926,1160,16.2,25.2,50,6.526022253,27,6.172701727,1.37,4.2,0.601076725,3,0.605926829,1.6,0.23626087,1.47,0.224608696
274758.2463,93783.22283,43373.61019,20141.39895,41809.40985,33680.32942,20172.59098,4315.268864,851.9033987,1080,15.3,26,51,6.449417972,25.5,5.732655243,1.22,3.8,0.536913204,2.62,0.563756098,1.6,0.232425466,1.42,0.216968944
277095.4209,92565.94624,42674.03583,18573.50562,41809.40985,33383.58642,21334.79787,4315.268864,774.4576352,1075,14.6,26.5,49.5,6.28511214,25,5.585973081,1.17,3.8,0.520770928,2.4,0.539341463,1.6,0.230891304,1.4,0.213913043
278077.0343,93624.44762,42207.65293,18633.80921,40165.62109,33235.21493,20836.7092,4255.334574,774.4576352,1080,15.2,26,50,6.322958796,25,5.599116953,1.18,3.7,0.53738147,2.75,0.578182927,1.6,0.233959627,1.44,0.220024845
278310.7517,93201.04707,41974.46148,18694.1128,40380.02832,33383.58642,20753.69442,4195.400284,774.4576352,1080,15,26,50,6.343265141,25.2,5.657789818,1.2,3.7,0.526375373,2.6,0.561536585,1.6,0.232425466,1.42,0.216968944
279339.1086,92936.42172,41197.15663,17970.46973,41023.25001,32864.28619,21251.78309,4135.465994,774.4576352,1065,13.9,25.1,49,6.216805966,24.7,5.511107656,1.15,3.4,0.469814724,2.2,0.500083841,1.5,0.215501747,1.3,0.19863354
279432.5955,92142.54568,41663.53954,18392.59485,41666.4717,32493.35745,20670.67965,4135.465994,774.4576352,1065,14,25.6,49.5,6.325724831,25.4,5.624455578,1.15,3.3,0.482756567,2.5,0.533376524,1.5,0.221638393,1.38,0.210857143
280180.4914,92089.62061,41197.15663,18211.68408,40165.62109,33235.21493,21334.79787,4135.465994,774.4576352,1058,14.6,25.7,49.5,6.264805794,24.8,5.514156344,1.14,3.7,0.504363178,2.3,0.494118902,1.4,0.213919643,1.38,0.210857143
282237.2051,92618.87131,40031.19937,17307.13024,38736.23955,33086.84343,21832.88653,4015.597415,774.4576352,1040,14.9,25.8,51,6.256507687,23.6,5.30670175,1.13,3.5,0.50529971,2.56,0.543447561,1.52,0.227017547,1.43,0.218496894
299158.3492,85473.98695,26661.55609,10975.25332,27158.24913,31751.49998,25983.62542,2637.10875,619.5661082,834.56,15.6,28.6,54.85,6.22,22.7,3.9,0.88,3.02,0.44,2.44,0.5,1.47,0.233897302,1.57,0.24
273916.8635,93412.74735,43218.14922,19417.75588,42166.75523,32938.47194,19757.51709,4075.531704,851.9033987,1415,13.9,32,59.5,7.549703899,30,6.605903044,1.33,3.6,0.502630224,2.4,0.522278963,1.5,0.212433424,1.26,0.192521739
296821.1746,86797.11368,37077.44097,12784.36101,31446.39373,32938.47194,19093.39887,4255.334574,542.1203446,720,9,26.5,50,6.170661203,23.5,4,1.21,3.15,0.414120552,1.75,0.330707317,0.8,0.103939441,0.55,0.084037267
268073.927,86691.26354,53089.92072,21347.47075,49313.6629,27522.91236,15523.76343,4974.546051,1703.806797,785,15.5,27,51,6.5509497,26.5,5.3,1.36,3.9,0.57386567,3,0.588864329,1.5,0.217035908,1.32,0.201689441
323698.6825,90501.86853,14535.60055,1326.678973,18724.89809,33902.88666,14610.60087,1977.831562,232.3372906,624,4,19.4,35.7,3.4,15.2,2.7,0.66,1.6,0.2,0.9,0.15,0.4,0.06155823,0.4,0.05
309722.3784,96111.92588,20987.23074,1748.804101,25157.11499,35609.15885,12369.20188,2876.845909,309.7830541,859,5,34.5,32.4,3.7,16.8,3.3,0.79,2.2,0.3,1.3,0.22,0.6,0.084666537,0.5,0.08
290791.2641,87802.69,39098.43356,15317.11178,36163.35279,31528.94273,18180.23632,4075.531704,774.4576352,561.57,15.55,20.23,44.72,5.31,20.87,4.22,1.12,3.59,0.5,2.89,0.55,1.51,0.2,1.43,0.21
290791.2641,84997.66132,37699.28484,19658.97024,38021.54879,30119.41353,18595.3102,4075.531704,697.0118717,504.43,15.28,19.58,42.97,5.06,19.81,3.92,1.03,3.38,0.47,2.83,0.54,1.53,0.2,1.45,0.21
259332.894,85897.3875,55188.64379,35820.33227,56532.03965,26410.12615,11871.11321,5454.020369,1006.794926,637.54,16.71,14.8,31.92,4.39,18.36,3.96,1.17,3.57,0.51,3,0.6,1.66,0.22,1.56,0.23
259350.6595,85889.61344,55188.64379,35804.17092,56546.95426,26392.76512,11857.36982,5439.62263,994.9954906,637.5446604,16.7085958,14.80452561,31.91544082,4.279670153,18.35765796,3.962053039,1.168620278,3.569151506,0.544186022,3.004490349,0.617338546,1.663961302,0.248021836,1.558960047,0.238201349
262698.4254,87432.21451,55110.91331,29247.241,57175.26134,26261.75465,11539.0541,5214.28321,1006.794926,523,18,15.2,31,4.082685219,17.1,3.85,1.07,3.45,0.540386485,3.1,0.63408689,1.7,0.257019992,1.64,0.250583851
263165.8603,87326.36437,54566.79992,29548.75894,56460.57057,26706.86914,11456.03932,5154.34892,1006.794926,530,18.2,15.5,31,4.072532046,17,3.7,1.08,3.4,0.535851309,3.1,0.61702439,1.6,0.219385093,1.25,0.190993789
267139.0571,87855.61507,51768.50249,27257.22254,48241.62675,27893.8411,13946.48265,5274.2175,929.3491622,580,17.2,18.4,38.5,4.894061205,19.5,4.2,1.14,3.9,0.588540467,3.2,0.645184451,1.7,0.247047943,1.51,0.230720497
269709.9492,89178.7418,51768.50249,25749.63279,48670.44121,29451.7418,14444.57132,5274.2175,851.9033987,586,17.2,18.5,38,4.906980413,20,4.3,1.17,3.5,0.537584263,3,0.605926829,1.6,0.23702795,1.48,0.226136646
268307.6444,87590.98972,51923.96345,27257.22254,47169.5906,28932.44157,14527.5861,5334.15179,851.9033987,586,17,18.8,37,4.831287102,20,4.2,1.13,3.6,0.550323314,3.05,0.62853811,1.7,0.246280862,1.5,0.229192547
270644.819,88914.11645,51224.3891,26111.45433,49170.72475,29303.37031,14029.49743,5214.28321,851.9033987,584,17,18.4,39,5.023286416,20.4,4.05,1.13,3.9,0.570196971,2.95,0.591846799,1.55,0.228566091,1.42,0.216968944
290793.1975,85016.54054,37699.28484,19664.68523,38054.80268,30103.31994,18609.24396,4072.092201,722.5689736,504.4336243,15.27584145,19.58267732,42.96657117,5.263463825,19.80840662,3.924092569,1.030309839,3.376217984,0.513534169,2.825242831,0.574463215,1.529261065,0.229412649,1.451904656,0.221843817
286537.6063,85738.61229,42363.1139,22010.81023,40451.49739,29303.37031,17350.08854,4255.334574,774.4576352,505,15.2,19.7,37,4.780521238,19.5,4.445648701,0.98,3.037344222,0.473607561,2.7,0.572634146,1.6,0.230891304,1.4,0.213913043
286537.6063,85738.61229,42363.1139,22010.81023,40451.49739,29303.37031,17350.08854,4255.334574,774.4576352,505,15.2,19.7,37,4.780521238,19.5,4.445648701,0.98,3.037344222,0.473607561,2.7,0.572634146,1.6,0.230891304,1.4,0.213913043
287005.0413,85209.3616,43684.53213,17488.04101,37878.61063,30045.22778,18927.36932,4614.940312,774.4576352,522,17.6,22,44.5,5.602050396,22,4.55,1.13,3.8,0.572132716,3.1,0.62555564,1.65,0.247023971,1.56,0.238360248
300029.6433,86180.66756,32802.26434,13005.13259,32203.42806,31197.12961,20082.00113,3564.515989,705.5309057,548.8308145,15.78290417,22.18258545,48.35123337,5.848345268,21.55464429,4.11205147,1.075307958,3.452306715,0.519097377,2.807003297,0.573795331,1.537209835,0.238063475,1.556682162,0.237853299
291679.3905,87326.36437,40575.31276,16040.75486,37807.14156,30787.08526,19757.51709,4315.268864,697.0118717,540,18,22.8,46.5,5.804202884,22.5,4.75,1.14,3.95,0.585738244,3.1,0.62555564,1.65,0.247023971,1.56,0.238360248
293081.6952,81769.2321,34900.98741,13869.82563,31803.73912,28932.44157,22247.96042,3835.794545,619.5661082,456,18,24.3,47.5,5.930662059,23,4.4,1.02,4,0.59027342,3.1,0.63408689,1.7,0.25471875,1.61,0.246
301495.5238,82033.85744,32879.99482,13568.30768,30731.70297,30416.15652,20836.7092,3416.254517,619.5661082,455,16.3,23.5,45,5.538365323,21,4,0.97,3.4,0.506501716,2.7,0.555571646,1.5,0.227775039,1.46,0.223080745
266484.6482,98070.15345,49902.97086,17789.55896,49099.25567,31306.38549,16104.86687,5813.626108,851.9033987,731.32,16.87,21.85,44,5.540851443,21.77,4.04,1.22,3.86,0.554095253,2.78,0.543974695,1.38,0.223882104,1.53,0.233776398
279245.6216,89813.84263,40653.04324,24242.04305,46812.24522,27968.02685,16768.98509,4794.743182,774.4576352,721.57,15.96,18.61,37.5,4.837658922,19.69,4.63,1.05,3.85,0.560525616,2.88,0.570428506,1.47,0.222391091,1.42,0.216968944
259613.3549,86320.78806,61096.16059,30272.40202,51171.8589,28338.95559,15191.70432,6652.706165,1006.794926,591.04,20.34,21.79,44.76,5.9649079,25.38,5.18,1.3,4.63,0.691441026,3.7,0.751859756,2,0.286312888,1.72,0.262807453
312994.4228,86638.33847,25495.59882,5849.448199,19082.24347,37092.87381,29802.30519,2996.714489,851.9033987,385.09,21.54,36.35,71.46,8.67430444,32.16,5.76,1.23,4.76,0.691492646,3.54,0.756284909,2.13,0.317825524,2,0.305590062
273168.9676,92513.02117,48814.74409,19598.66665,43739.07492,31899.87147,18263.25109,5214.28321,851.9033987,591.83,18.57,21.07,42.78,5.461704727,21.9,4.8,1.21,4.52,0.644042908,3.19,0.632130945,1.63,0.251616867,1.64,0.250583851
279245.6216,89813.84263,40653.04324,24242.04305,46812.24522,27968.02685,16768.98509,4794.743182,774.4576352,624.13,17.12,15.49,33.69,4.31168316,17.35,4.14,1.06,3.85,0.558324396,2.85,0.599517988,1.66,0.243960443,1.51,0.230720497
249002.5822,93095.19693,64049.91899,30754.83074,60891.65332,26929.42638,10459.86199,6353.034716,1084.240689,593.21,14.57,18.89,39.4,4.878929168,18.68,3.65,1.1,3.71,0.536821026,2.73,0.497475915,1.14,0.183111762,1.24,0.189465839
273168.9676,92513.02117,48814.74409,19598.66665,43739.07492,31899.87147,18263.25109,5214.28321,851.9033987,456.23,16.44,21.76,43.89,5.410687104,20.57,4.28,1.1,3.79,0.557284624,2.91,0.568639024,1.44,0.230047516,1.55,0.236832298
312994.4228,86638.33847,25495.59882,5849.448199,19082.24347,37092.87381,29802.30519,2996.714489,851.9033987,597.46,15.9,17.45,35.62,4.57047147,18.46,3.71,1.09,3.8,0.540581903,2.67,0.574423628,1.63,0.235508172,1.43,0.218496894
312713.9619,87855.61507,24018.71962,5487.626661,18510.49086,38205.66002,30134.3643,2876.845909,774.4576352,370,24,38.5,75,9.230608872,35,5.4,1.26,4.020720155,0.650851998,3.9,0.825242378,2.3,0.353192741,2.29,0.349900621
277095.4209,85103.51146,53089.92072,17910.16614,39736.80663,27819.65535,25153.47764,7192.114773,929.3491622,472,29.5,32,66,8.752432525,37,7.936540338,1.48,4.849228268,0.810380679,5.05,1.055239329,2.9,0.423284744,2.6,0.397267081
304300.1333,88384.86576,31014.4632,8442.502556,23513.32622,35980.08759,26979.80275,3835.794545,774.4576352,425,20.2,33,66,8.041710424,30,6.513895939,1.26,3.912861076,0.611719207,3.5,0.729664634,2,0.307791149,2,0.305590062
298410.4533,90237.24319,33735.03015,10251.61025,33161.65157,33457.77217,21251.78309,3596.057386,697.0118717,574.02,17,24.48,47.65,5.848606866,22.08,4.33,1.22,3.85,0.564194315,2.93,0.538439787,1.25,0.216148971,1.56,0.238360248
269990.4101,97540.90275,50058.43183,17126.21947,45883.14722,30193.59928,16353.91121,5933.494687,774.4576352,610,17.2,21,40.5,5.400808878,23,5.354128982,1.24,3.784838289,0.578094894,3.2,0.619590701,1.55,0.237003979,1.53,0.233776398
302804.3416,89707.99249,31169.92417,8080.681017,24370.95514,35905.90184,26896.78797,3835.794545,774.4576352,436,23.5,35,70,8.750610585,34,5.2,1.33,4.212634599,0.675596711,4,0.836339939,2.3,0.344754852,2.18,0.333093168
271579.6889,89813.84263,50524.81474,24543.561,47169.5906,30712.89951,13531.40876,5633.823238,774.4576352,696,13,19.5,39,5.033439589,20.5,4,1.2,3.55,0.498095048,2.4,0.505216463,1.4,0.189373059,1.06,0.161962733
285135.3016,86162.01285,44772.75891,21709.29229,42238.22431,28858.25582,15855.82254,4315.268864,851.9033987,535,14.2,16.5,31,3.971000318,16,3.4,0.99,3.25,0.478221392,2.5,0.533376524,1.5,0.220104231,1.36,0.207801242
253443.214,90343.09332,61795.73495,33347.88509,55960.28703,27671.28386,11290.00977,6173.231846,1006.794926,668,17.8,17.4,36,4.806359655,20.5,4.5,1.3,4.2,0.612082823,3.15,0.648166921,1.75,0.254742721,1.56,0.238360248
268915.3098,87696.83986,53167.6512,28523.59792,48313.09583,28784.07007,14527.5861,5094.414631,929.3491622,584.33,16.49,17.78,35.32,4.562993236,18.61,3.87,1.15,3.48,0.516692957,2.74,0.527591921,1.31,0.213876495,1.47,0.224608696
270972.0235,86744.18861,51768.50249,28945.72305,48027.21952,28338.95559,14278.54176,5154.34892,851.9033987,582,15.7,17.5,35,4.598675096,19.2,4.567941358,1.11,3.370644101,0.511176431,2.8,0.566669207,1.5,0.223939635,1.41,0.215440994
276113.8076,87855.61507,48970.20505,23518.39998,44811.11107,29674.29904,16021.8521,5214.28321,851.9033987,592,17.4,20.6,42.5,5.521735983,22.7,5.252975813,1.2,3.663616562,0.559762259,3.1,0.61702439,1.6,0.241630435,1.54,0.235304348
268307.6444,88490.7159,53089.92072,28282.38356,49170.72475,28784.07007,13448.39399,5214.28321,929.3491622,610,15.3,16.7,34,4.482369093,18.8,4.529458862,1.13,3.417772579,0.51545115,2.8,0.566669207,1.5,0.221638393,1.38,0.210857143
265503.0349,89443.36715,54255.87798,28523.59792,51886.54966,27597.09811,12950.30532,5454.020369,929.3491622,604,17,17.2,35,4.639287787,19.6,4.711574832,1.17,3.565959075,0.543566983,3,0.588864329,1.5,0.238514169,1.6,0.24447205
263352.8343,92565.94624,56820.98396,23578.70357,47312.52875,29600.1133,17433.10332,6173.231846,929.3491622,642,23,23.5,46,6.223249007,27,5.5,1.36,5,0.747013523,4,0.836339939,2.3,0.334782803,2.05,0.313229814
262464.7079,91031.11923,54799.99137,29307.54459,49813.94644,30267.78503,12369.20188,5394.086079,929.3491622,730,14.5,17,35,4.781432207,21,4.05,1.18,3.65,0.525508896,2.65,0.558554116,1.55,0.224730687,1.37,0.209329193
263165.8603,88490.7159,55266.37428,33287.5815,50885.98259,27893.8411,12452.21665,5334.15179,929.3491622,655,15.7,16.3,34,4.482369093,18.8,4.463739501,1.08,3.272986614,0.494981155,2.7,0.538509146,1.4,0.216987966,1.42,0.216968944
263165.8603,86797.11368,55033.18282,33649.40304,51672.14243,27671.28386,12535.23143,5274.2175,929.3491622,565,16.9,16.5,33,4.376216263,18.5,4.480881181,1.13,3.444737349,0.525234348,2.9,0.594829268,1.6,0.240863354,1.53,0.233776398
263165.8603,87855.61507,53711.76459,32202.11689,51243.32797,28858.25582,12618.24621,5154.34892,929.3491622,602,16.5,17.1,36.5,4.742674582,19.5,3.8,1.15,3.505348212,0.534400665,2.95,0.591846799,1.55,0.22741547,1.405,0.214677019
265035.6,91560.36992,53323.11217,26292.3651,52172.42597,30119.41353,12120.15754,5454.020369,929.3491622,685,16,17.1,36,4.857125519,21,4,1.2,3.636651793,0.549979061,3,0.605926829,1.6,0.227055901,1.35,0.206273292
266437.9047,89178.7418,53167.6512,29247.241,50743.04444,28338.95559,13116.33488,5274.2175,929.3491622,645,16,16.7,36,4.654062062,19,4.496124622,1.08,3.299951383,0.504764353,2.8,0.566669207,1.5,0.223939635,1.41,0.215440994
267372.7746,89549.21729,52001.69394,26352.66869,49313.6629,29377.55605,13116.33488,5214.28321,929.3491622,605,17,17.7,37,4.932818831,21,4,1.16,3.542394836,0.541429624,3,0.622989329,1.7,0.24397962,1.47,0.224608696
268775.0793,86797.11368,52157.15491,29247.241,49671.00828,28042.2126,14278.54176,5274.2175,929.3491622,587,17,18.4,38,4.957746278,20.5,4,1.11,3.42457364,0.530742827,3,0.605926829,1.6,0.233192547,1.43,0.218496894
272047.1238,87326.36437,52312.61588,28342.68715,47169.5906,29600.1133,14112.51221,5454.020369,851.9033987,690,14,19.4,38,5.059278006,21.5,5.032377347,1.18,3.481664236,0.506571551,2.6,0.510349085,1.3,0.191626359,1.19,0.181826087
271112.2539,89972.61784,49980.70135,26232.06151,47312.52875,29600.1133,14693.61565,4974.546051,851.9033987,664,15.1,18.2,36,4.704827926,19.5,4,1.13,3.6,0.52097372,2.65,0.550022866,1.5,0.220871312,1.37,0.209329193
271112.2539,87855.61507,50369.35377,27498.4369,47812.81229,28784.07007,14029.49743,4974.546051,929.3491622,582,16.5,18.2,36.5,4.874665829,20.8,4.879597809,1.15,3.505348212,0.534400665,2.95,0.600378049,1.6,0.240096273,1.52,0.232248447
289809.6508,85209.3616,38865.24211,17729.25537,35734.53833,29822.67054,18263.25109,3955.663125,774.4576352,520,15.8,21,42,5.311285388,21,4.72796872,1.01,3.108036939,0.480019639,2.7,0.555571646,1.5,0.227007958,1.45,0.221552795
300093.219,83621.60952,34356.87402,15317.11178,32232.55358,30564.52802,20089.5762,3715.925966,697.0118717,472,15.3,24,46.5,5.631598945,20.8,4.656151984,0.98,3.023861837,0.468715962,2.65,0.550022866,1.5,0.224706716,1.42,0.216968944
298690.9143,84680.11091,32335.88143,11879.80717,29731.13589,30045.22778,20753.69442,3476.188807,697.0118717,510,15.8,23.5,46,5.664824499,21.5,4.756356033,0.97,2.986815213,0.461687004,2.6,0.544474085,1.5,0.22854212,1.47,0.224608696
302897.8286,84944.73625,31480.84611,10251.61025,28301.75436,31677.31423,20919.72398,3356.320227,697.0118717,502,16.4,24.5,47.5,5.778364466,21.5,4.15,1.01,3.35,0.498297841,2.65,0.601210366,1.8,0.254766693,1.51,0.230720497
270644.819,93148.122,49980.70135,20744.43485,44668.17292,30638.71376,15523.76343,5214.28321,851.9033987,740,15.6,20,40,5.21066463,21.5,4.2,1.15,4,0.575598623,2.9,0.577766768,1.5,0.223172554,1.4,0.213913043
272047.1238,94206.62339,50213.8928,19779.57742,45025.5183,31158.014,15523.76343,5214.28321,851.9033987,760,16,21,42,5.412817117,22,4.45,1.18,4.1,0.592006373,3,0.605926829,1.6,0.240096273,1.52,0.232248447
271112.2539,94471.24873,49281.12699,19297.1487,43953.48215,31380.57124,15689.79298,5154.34892,851.9033987,758,15.8,20,40,5.159898765,21,4.2,1.18,4.2,0.593739327,2.9,0.577766768,1.5,0.227775039,1.46,0.223080745
306169.873,84256.71035,30625.81078,10191.30666,28587.63067,31603.12848,21417.81265,3356.320227,619.5661082,489,15.6,24,47,5.740517811,21.5,4.743212161,0.96,2.963250974,0.459549645,2.6,0.535942835,1.45,0.225449825,1.48,0.226136646
274384.2984,88279.01562,49669.77941,26412.97228,46026.08537,29080.81306,15357.73387,5094.414631,851.9033987,578,15.4,17.5,36,4.826666,20.7,4.876549121,1.16,3.488465297,0.521863228,2.8,0.583731707,1.6,0.227822981,1.36,0.207801242
300560.6539,84415.48556,34978.7179,16101.05845,32875.77527,30341.97077,19840.53187,3715.925966,697.0118717,470,15.2,22,42,5.260519524,20.5,4.554998815,0.94,2.916122495,0.455274926,2.6,0.527411585,1.4,0.215453804,1.4,0.213913043
265503.0349,89972.61784,53167.6512,29548.75894,50028.35367,29748.48479,12784.27577,5274.2175,929.3491622,700,15,17,36,4.75559379,20,3.7,1.15,3.437936288,0.509942671,2.7,0.538509146,1.4,0.203180512,1.24,0.189465839
275786.6032,89707.99249,50369.35377,22613.84613,45668.73999,30267.78503,13863.46788,5154.34892,851.9033987,650,15.8,19.6,40,5.21066463,21.5,4.5,1.17,3.9,0.559190873,2.8,0.566669207,1.5,0.220104231,1.36,0.207801242
275319.1682,89443.36715,49902.97086,22613.84613,45668.73999,30045.22778,13946.48265,5154.34892,851.9033987,646,16,19.5,40,5.21066463,21.5,4.65,1.17,3.8,0.550120521,2.8,0.566669207,1.5,0.220871312,1.37,0.209329193
272514.5587,88649.49111,51923.96345,24302.34664,49170.72475,30564.52802,14278.54176,5094.414631,851.9033987,630,16,18.5,36.5,4.84420631,20.5,4.4,1.15,3.7,0.54105017,2.8,0.575200457,1.55,0.223963606,1.36,0.207801242
272047.1238,88649.49111,51457.58055,23759.61433,48241.62675,30416.15652,14361.55654,5154.34892,851.9033987,635,15.8,18.6,37,4.882052966,20.5,4.4,1.16,3.9,0.566528271,2.9,0.577766768,1.5,0.217802989,1.33,0.203217391
272047.1238,87061.73903,50602.54522,27558.74048,47526.93598,28932.44157,14195.52699,5154.34892,851.9033987,582,16.3,18,37,4.780521238,19.5,4.15,1.15,3.3,0.508437462,2.85,0.572217988,1.5,0.223939635,1.41,0.215440994
262698.4254,87432.21451,55110.91331,29247.241,57175.26134,26261.75465,11539.0541,5214.28321,1006.794926,523,18,15.2,31,4.082685219,17.1,3.85,1.07,3.45,0.540386485,3.1,0.63408689,1.7,0.257019992,1.64,0.250583851
273215.7111,89707.99249,49825.24038,22855.06049,44954.04922,30341.97077,13863.46788,5154.34892,851.9033987,640,15.5,18.5,37,4.932818831,21,4,1.11,3.75,0.545585345,2.8,0.566669207,1.5,0.21857007,1.34,0.204745342
273683.146,89443.36715,49980.70135,23277.18562,45382.86368,29822.67054,13614.42354,5094.414631,851.9033987,635,15.8,19,38,4.805448685,19,4.35,1.12,3.65,0.536514994,2.8,0.566669207,1.5,0.21857007,1.34,0.204745342
271112.2539,89178.7418,51068.92813,25206.90049,48598.97213,29600.1133,14361.55654,5334.15179,851.9033987,585,17.4,19,39.5,5.111898937,20.9,4.25,1.13,4.2,0.601076725,3,0.614458079,1.65,0.239353164,1.46,0.223080745
269709.9492,89178.7418,51768.50249,25749.63279,48670.44121,29451.7418,14444.57132,5274.2175,851.9033987,586,17.2,18.5,38,4.906980413,20,4.3,1.17,3.5,0.537584263,3,0.605926829,1.6,0.23702795,1.48,0.226136646
307104.7428,85738.61229,29693.04497,9407.35999,27872.9399,33531.95792,22829.06387,3176.517358,619.5661082,500,17,25,49,5.993436163,22.5,4.4,1.02,3.2,0.49936711,2.85,0.597811738,1.65,0.248558133,1.58,0.241416149
272047.1238,88649.49111,51379.85006,25327.50767,48956.31752,29080.81306,14195.52699,5274.2175,851.9033987,580,16.8,18,37,4.831287102,20,4.5,1.15,3.6,0.550323314,3.05,0.61147561,1.6,0.234726708,1.45,0.221552795
291679.3905,87326.36437,40575.31276,16040.75486,37807.14156,30787.08526,19757.51709,4315.268864,697.0118717,540,18,22.8,46.5,5.804202884,22.5,4.75,1.14,3.95,0.585738244,3.1,0.62555564,1.65,0.247023971,1.56,0.238360248
271112.2539,87855.61507,52468.07684,26835.09741,48598.97213,28932.44157,14361.55654,5274.2175,929.3491622,570,17.2,18,37,4.831287102,20,4.4,1.17,3.7,0.559393665,3.05,0.61147561,1.6,0.23702795,1.48,0.226136646
342255.8489,74095.09704,17100.70653,2653.357946,13507.65549,20920.38083,26647.74364,1678.160114,232.3372906,161,16,23.7,43.3,3.7,15.7,3.5,0.58,3.1,0.5,3.1,0.71,2,0.3,2.2,0.33
285636.4127,91873.1104,47959.70876,16903.59534,44502.70888,24805.3201,12881.45731,3120.014396,852.8413366,756,11.76866667,12.58866667,23.22566667,2.951333333,12.799,2.686333333,0.737666667,2.337333333,0.343333333,2.086,0.400666667,1.174,0.185,1.257,0.193
285955.7714,92112.54775,48270.6307,16969.03213,44229.72443,24664.14974,12885.30475,3120.946284,853.0960635,762,11.97366667,12.29766667,23.05633333,2.896666667,12.23533333,2.795333333,0.754666667,2.418333333,0.296333333,2.030333333,0.395666667,1.125666667,0.17,1.098666667,0.171333333
279951.9635,91391.30798,52001.69394,19074.97695,45000.32165,23170.95119,12633.99139,3398.161032,924.427058,768,10.95433333,11.91433333,22.982,2.742666667,11.62533333,2.646666667,0.803,2.271666667,0.289,2.113666667,0.403333333,1.136666667,0.164333333,1.093666667,0.155333333
288821.3478,91712.52351,46016.44665,15771.09848,41520.12413,24881.53917,13175.58845,2991.319863,850.3698177,721,10.85433333,11.797,22.79966667,2.806333333,11.91933333,2.573666667,0.761333333,2.364333333,0.313,1.946333333,0.394333333,1.045666667,0.194666667,1.149,0.174333333
285176.6516,91527.80063,48348.36118,17079.59049,44703.96472,24278.17756,12877.60087,3059.098017,930.0938342,754,12.13,12.193,23.44733333,2.947333333,12.14666667,2.646,0.768,2.392,0.318333333,2.130666667,0.452333333,1.21,0.187,1.255333333,0.179666667
286023.4279,91031.11923,47804.24779,16885.00511,44096.4203,25000.59694,13116.33488,3236.451648,851.9033987,787,11.21033333,11.86766667,22.759,2.821333333,11.87366667,2.482333333,0.790666667,2.230333333,0.317333333,2.003666667,0.414,1.091,0.150666667,1.128666667,0.168666667
283940.1953,91635.66308,47881.97828,16770.6788,42458.79885,24698.47947,13239.71586,3166.317824,849.1680066,769,10.924,11.17833333,22.089,2.760333333,11.72766667,2.603,0.72,2.181333333,0.307333333,1.945,0.401666667,1.113333333,0.151333333,1.040333333,0.162666667
289512.5844,89754.50945,46638.29053,16163.32597,43154.49928,23727.98157,12572.86591,2926.21835,848.8396133,733,12.18733333,12.40466667,23.98766667,2.96,12.48733333,2.664666667,0.735,2.220666667,0.324,2.061333333,0.424666667,1.271,0.174666667,1.224666667,0.198
283196.8631,91621.33208,49669.77941,18013.6723,45993.4543,24242.69549,12898.22463,3424.467492,853.9514519,791,11.49966667,731.2033333,12.924,24.108,2.904333333,12.838,2.777333333,0.781333333,2.260333333,0.305,2.019333333,0.403666667,1.104,0.161666667,1.127
282339.4094,91427.06972,50369.35377,18145.93235,45797.92777,24028.96777,13112.39801,3295.396524,851.647696,788,11.47033333,713.964,12.37933333,22.72933333,2.838333333,12.50566667,2.589,0.731333333,2.214666667,0.323333333,2.109666667,0.391333333,1.106666667,0.163666667,1.114666667
283032.8259,91560.68742,49281.12699,17767.76139,43537.8953,24294.84948,12725.47397,3281.224078,847.9850381,760,10.92366667,11.76266667,22.293,2.791,11.86133333,2.652,0.811666667,2.171333333,0.325666667,2.028,0.392666667,1.072666667,0.160333333,1.101333333,0.163
276594.9326,94242.6499,49902.97086,21018.57663,47036.85721,24079.00567,12021.48508,3890.661349,928.1402803,605,16.169,11.98766667,22.94033333,2.933333333,13.29766667,2.755666667,0.851333333,2.877,0.404333333,2.775333333,0.566333333,1.668,1.496,0.262,1.899
279012.6701,93366.07828,49125.66602,20673.79746,46860.29118,24320.76848,12197.07562,3893.782529,928.8848594,605,16.098,11.82266667,23.56133333,2.940333333,13.06433333,2.891666667,0.846,2.659333333,0.402,2.628,0.584333333,1.654,0.267666667,1.805666667,0.284
277619.7337,93913.80136,49436.58796,20919.06487,47727.01364,23954.80428,11867.55009,3834.643232,929.0702181,612,16.286,11.40166667,22.36933333,2.755,11.862,2.772666667,0.803666667,2.501666667,0.412,2.657666667,0.591,1.651666667,0.259,1.741,0.268
262222.0811,85675.66862,57442.82783,38070.63091,56345.85049,22712.21308,8554.806363,4437.359681,1007.299384,474.5973333,12.32933333,7.365,16.24566667,2.348,11.73566667,2.865,0.944333333,2.555666667,0.383666667,2.360666667,0.442666667,1.202666667,0.176666667,1.201,0.165333333
279534.5209,93048.14654,48192.90021,20346.74047,47440.96117,24213.62752,12051.61339,4020.424822,930.4663948,605,16.07033333,11.97633333,23.73,2.883666667,12.61433333,2.749666667,0.793,2.852333333,0.383333333,2.762666667,0.570333333,1.654666667,0.270666667,1.751,0.264333333
275349.8832,95405.60357,49902.97086,20902.79737,44719.2529,23356.9192,11872.81553,3809.703315,923.0276905,606,17.07333333,11.51366667,23.37266667,2.974333333,12.52533333,2.847333333,0.837333333,2.913333333,0.414333333,2.748,0.605333333,1.762666667,0.268,1.895333333,0.285
278911.1669,87750.03998,52234.88539,22377.29647,41755.76876,22403.6361,12453.0463,4022.174256,993.6138195,543,16.27133333,9.773,19.64,2.523333333,11.201,2.632333333,0.821333333,2.520666667,0.375,2.651333333,0.607,1.722,0.28,1.788333333,0.296333333
249102.216,91723.98777,67858.71272,35901.40442,62109.7008,24824.888,5638.795378,3472.364999,1237.769171,480.027,15.54866667,6.716,18.55866667,3.236333333,17.46933333,5.067,1.381,4.304666667,0.571333333,3.373666667,0.588,1.442333333,0.211,1.342,0.179
278854.6386,93176.25448,48970.20505,20655.17058,46960.80855,23928.44633,11937.39053,3950.124645,928.0479418,604,16.87766667,11.88166667,23.53,2.991333333,13.30366667,3.148666667,0.830666667,2.848,0.431333333,2.871,0.589333333,1.779,0.272,2.007666667,0.293333333
281866.4705,89942.83426,45938.71617,22427.34366,41291.18763,27663.98982,11391.93678,4469.919451,616.4682776,537,11.05266667,12.09766667,22.741,3.096333333,13.43066667,3.082333333,0.892333333,2.562333333,0.347666667,2.125333333,0.393,1.028666667,0.148666667,0.931,0.147666667
273830.5965,88674.26422,49980.70135,29288.62628,46187.03182,26856.78231,10266.06407,4901.354242,695.1316357,541,11.575,11.82566667,22.75433333,3.071,13.53733333,3.184666667,0.749,0.929666667,2.607333333,0.368333333,2.27,0.414333333,1.08,0.164333333,1.003333333
270674.5449,88442.18848,47959.70876,31772.35206,48525.40922,26033.0777,10315.62993,4766.457026,769.8108894,573,12.238,12.02933333,24.56333333,3.193666667,13.28333333,3.032,0.806333333,0.938666667,2.815,0.364,2.378666667,0.467666667,1.226,0.169,1.185666667
278993.2526,87650.55826,45938.71617,28961.79273,38933.85706,26353.62845,11038.17111,4698.285122,691.5906682,507,10.76866667,10.97933333,21.042,2.853,12.63366667,2.917,0.823,0.893,2.492666667,0.357666667,2.161,0.4,1.047666667,0.154333333,1.004666667
287375.2153,89504.36641,41119.42615,20251.85788,40145.50408,30030.17959,12363.00674,4253.20328,619.5661082,574,10.06966667,12.52166667,24.90566667,3.234666667,13.51466667,3.014333333,0.904333333,2.444,0.354666667,1.977,0.359333333,0.911,0.14,0.911,0.131
289553.0894,91382.06647,45316.8723,12582.90508,34277.97913,28978.29794,12560.36153,4267.3981,382.5820718,560,10.79333333,13.51566667,24.74133333,3.394333333,14.91833333,3.331,0.927,2.507,0.33,2.105666667,0.374333333,1.057,0.131666667,0.887666667,0.133666667
274246.0304,91244.43552,48503.82215,23249.10532,40765.47033,26547.73788,10832.47794,4917.585599,612.5959894,530,10.11933333,11.655,23.295,3.006333333,13.579,2.872333333,0.867,2.425666667,0.331666667,1.894333333,0.365,1.02,0.134,0.983,0.132
273919.3116,88214.20422,48737.0136,31586.23069,42548.96657,26470.30521,10561.106,4944.216483,846.7093824,165.142,18.65733333,2.611666667,6.667,1.071333333,6.079333333,2.03,0.708,2.569333333,0.465666667,3.378333333,0.709,2.005666667,0.296333333,2.089333333,0.312
273673.0508,90191.21013,50758.00619,25736.1811,44404.29589,26580.31742,10463.85261,4877.774277,691.5906682,529,11.38766667,11.201,23.671,2.955,13.00366667,2.999,0.907,2.713333333,0.359333333,2.126666667,0.425,1.094,0.176666667,1.082666667,0.151666667
226635.0521,80101.01507,91799.70186,48501.19333,76948.63944,13446.98119,1315.614411,7123.769179,1380.776545,542,11.12266667,10.936,20.33733333,2.904,12.835,2.792333333,0.953666667,2.456666667,0.348,2.105333333,0.406666667,1.038,0.153666667,0.985333333,0.141333333
274951.6246,90548.39512,52234.88539,24419.79742,42315.05786,24826.34359,10602.80327,4094.492103,920.1412404,403,12.33833333,7.394666667,14.48866667,1.947666667,8.658,2.188333333,0.704666667,2.308666667,0.311333333,2.083666667,0.448333333,1.324333333,0.194,1.346,0.201666667
287332.6246,92232.15603,44617.29794,15781.5315,36698.6413,26253.71391,13084.42337,3980.633746,767.4875165,474,8.954,12.72733333,23.662,2.683333333,11.68633333,2.564333333,0.811333333,2.204333333,0.291333333,1.809,0.33,0.851333333,0.127333333,0.818666667,0.119
281753.2755,91057.35143,43140.41874,15033.94736,45917.16922,26097.44751,12597.53196,3838.822743,762.8407707,533,9.592,13.77733333,26.305,3.099333333,13.00766667,2.638666667,0.845333333,2.417,0.309,1.926333333,0.342666667,0.84,0.131333333,0.794,0.126333333
299136.463,85260.93258,30859.00223,17063.24604,34033.13004,26623.08951,17596.66881,3427.203936,458.47892,569,9.267333333,12.57233333,24.341,3.223666667,13.667,2.883,0.75,2.25,0.306,1.650333333,0.34,0.875666667,0.124333333,0.882333333,0.104
287619.6623,84236.58475,35445.1008,25017.74044,33022.3895,33402.45765,13220.95692,3417.400065,608.7237013,552,8.563,10.60633333,20.71066667,2.747333333,11.807,2.557333333,0.704333333,2.354333333,0.294333333,1.718,0.327,0.860666667,0.138,0.866333333,0.134666667
299613.2468,87487.59726,30625.81078,15409.03975,28376.48504,30330.03216,15174.95514,3062.93492,456.9300048,620,8.356,11.29933333,21.44366667,2.718666667,11.45666667,2.636666667,0.639333333,2.129,0.242666667,1.647666667,0.336333333,0.831666667,0.143666667,0.804333333,0.104
299525.5961,84784.06427,31092.19369,18628.24914,35451.13758,29747.45247,12493.18801,3204.375493,536.6991412,523,8.088333333,10.085,19.994,2.496333333,11.266,2.221333333,0.686333333,1.938333333,0.253,1.485666667,0.298,0.777333333,0.111333333,0.820333333,0.107666667
319116.8844,80182.69862,29848.50594,6725.622108,21867.07622,26945.05968,19828.12412,3016.868586,381.8076142,383,7.39,9.554666667,17.67533333,2.248333333,10.04633333,2.046666667,0.588333333,1.722,0.218333333,1.388666667,0.278,0.707333333,0.103333333,0.72,0.101333333
295549.0878,87511.59148,33501.8387,16132.50436,30689.99117,29439.86851,17127.38383,3727.393535,535.1502259,489,9.651333333,10.55133333,20.936,2.856333333,12.01866667,2.665,0.764666667,2.373666667,0.333333333,1.995,0.380666667,1.034666667,0.143666667,1.012333333,0.165
308659.7206,91844.03305,27050.20851,5724.358021,31023.8064,31322.81191,12312.86331,3022.441678,230.0139177,546,9.182666667,13.17066667,24.90166667,3.041,13.08933333,2.844666667,0.741666667,2.314666667,0.294666667,1.728333333,0.342666667,0.873,0.127,0.910333333,0.148333333
293722.5304,87522.74882,33113.18627,17435.62146,27226.09364,34710.31433,10865.82643,3278.43023,604.8514131,682,11.59666667,13.165,23.78966667,3.215666667,14.442,3.021,0.871333333,2.350666667,0.321333333,1.967666667,0.39,1.010333333,0.148,0.921333333,0.152333333
300393.3563,90573.12341,30625.81078,11889.43862,35861.14417,28375.2954,10065.80954,3190.489437,457.7044624,546,8.88,10.72866667,19.21033333,2.573666667,11.23033333,2.36,0.738,1.898666667,0.260333333,1.614333333,0.312333333,0.866666667,0.127333333,0.872333333,0.131333333
275459.3987,87961.46521,49047.93554,26412.97228,47241.05968,30045.22778,12203.17232,4914.611761,774.4576352,700,12,19.2,37.4,4.5,19.2,3.3,1.1,2.9,0.4,2.2,0.4,1,0.1,1,0.1
290604.2901,87855.61507,38632.05065,15859.84409,36949.51264,32048.24297,19923.54665,4555.006023,619.5661082,783,10.8,30.8,55.3,6.2,24.2,4.2,1.1,3.1,0.4,2.1,0.4,0.9,0.1,0.9,0.1
288360.6025,89337.51701,38554.32017,16101.05845,38521.83232,31083.82825,18346.26587,4135.465994,619.5661082,645,11.2,21.7,41,4.8,17.5,3.6,1,2.7,0.4,2.1,0.4,1,0.1,0.9,0.1
263025.6298,81081.20619,49825.24038,35398.20714,54173.56012,25297.33994,23576.19687,4255.334574,929.3491622,1493,19.6,94.1,161.9,19.6,80.6,13.9,3.24,9.48,0.95,5.2,0.87,2.16,0.29,2.01,0.28
298176.7359,89019.96659,23008.22333,5487.626661,19653.99608,36054.27334,31628.6303,3614.037673,317.5276304,574,7,34.1,72.1,8.64,34.4,6.1,1.43,4,0.4,1.9,0.3,0.7,0.08,0.5,0.07
272654.7892,84309.63542,39020.70307,27377.82972,32732.83711,30416.15652,27145.83231,4255.334574,619.5661082,882,12.1,32.6,66.5,7.61,31.2,5.29,1.3,3.95,0.52,2.5,0.44,1.26,0.18,1.13,0.16
302897.8286,78911.27835,19588.08202,13206.48614,14222.34626,31974.05722,37854.73863,2756.977329,309.7830541,373.9,9.8,25,51.3,6.17,24.2,4.38,1.11,3.32,0.42,1.89,0.36,0.89,0.12,0.88,0.12
297288.6095,89549.21729,22541.84042,5789.14461,17366.98563,39466.81773,32292.74852,3476.188807,309.7830541,698.1,6.5,35.4,72.1,8.64,31.3,5.34,1.29,3.83,0.43,1.68,0.26,0.48,0.07,0.5,0.06
302103.1892,90607.71867,22386.37945,6271.573327,10291.54704,40950.53268,31877.67464,3596.057386,387.2288176,783.9,7.4,36.3,75,8.67,36.2,5.58,1.36,3.95,0.42,1.72,0.22,0.59,0.06,0.43,0.05
300794.3714,80287.33015,21997.72703,14352.25434,18867.83624,33977.07241,32790.83719,2936.780199,309.7830541,626.1,10.3,34.1,66.9,7.42,29.5,5.12,1.16,3.58,0.44,2.12,0.4,1.21,0.15,0.99,0.15
269756.6927,82986.50869,46249.63811,18271.98767,33304.58973,25000.59694,29968.33475,6592.771875,774.4576352,864.1,24.3,53.1,100.7,12.05,48.9,7.75,2.04,6,0.84,4.87,0.87,2.24,0.36,2.17,0.33
323044.2736,72666.12017,15468.36636,3377.001022,18653.42901,21736.42405,39681.06374,2277.503011,851.9033987,204,13.8,40.8,79.6,8.95,35,5.45,1.13,3.99,0.52,2.34,0.45,1.32,0.18,1.16,0.17
382782.4565,46997.46155,2020.99259,241.2143587,1715.25784,1038.600467,60019.68428,359.6057386,7.744576352,74,10.1,13.7,26.3,2.42,6.7,1.03,0.08,0.96,0.18,1.15,0.26,1.13,0.19,1.61,0.26
335898.7339,71290.06837,12203.68602,2412.143587,2072.603223,1632.086447,78781.02403,1977.831562,154.891527,53.4,27.4,57.4,123.5,12.07,42.4,6.75,0.96,5.04,0.78,4.68,0.98,2.93,0.5,3.28,0.51
227640.8063,83727.45966,90322.82266,29669.36612,61463.40594,26410.12615,9629.714213,14623.9667,1394.023743,595,30,26,53,7.260760831,32,7,2.22,7.2,1.049284839,5.4,1.077018293,2.8,0.392553571,2.3,0.351428571
233717.4603,91031.11923,74543.53436,34131.83176,65036.85977,25371.52568,7388.315215,9229.880625,1316.57798,444,25,14.5,34,4.40114371,18,4.4,1.42,4.3,0.709201955,4.35,0.866650152,2.25,0.336292993,2.12,0.323925466
242131.2889,87326.36437,91644.24089,15859.84409,41094.71908,33977.07241,19342.4432,10068.96068,1781.252561,534,44,61,124,14.66562053,52,11.7,3.28,9.9,1.484956694,8,1.570304878,4,0.600240683,3.8,0.580621118
297756.0444,84680.11091,34123.68257,10372.21743,23513.32622,32196.61446,31628.6303,5094.414631,697.0118717,400,26,43,97,11.80964728,44,7.24,1.36,5.29,0.872372421,5.35,1.11,3.02,0.461696312,2.98,0.44
251012.5524,97117.5022,50369.35377,15196.5046,60391.36979,24555.48246,11788.09843,5334.15179,1626.361034,910,23.5,32.5,66,8.447837339,34,6.65,1.95,5.3,0.792568074,4.25,0.864083841,2.3,0.338618207,2.1,0.320869565
254752.0317,86532.48833,72755.73322,8623.413325,29302.32143,37686.35979,28806.12786,6652.706165,1626.361034,409,45,68,135,16.25973492,59.5,11.1,3.36,9.6,1.45040824,7.9,1.644519817,4.5,0.670284744,4.21,0.643267081
279526.0825,81504.60675,53167.6512,8744.020504,25371.52222,37389.6168,29719.29042,7072.246193,1394.023743,335,43.5,51,102,12.49270903,47,9.7,2.8,8.8,1.36317063,7.7,1.571137195,4.2,0.621047748,3.87,0.59131677
282798.127,84097.93515,54411.33895,6754.002044,22727.16638,40208.6752,30881.4973,5933.494687,1394.023743,310,44.5,59,113,13.62993064,50,9.6,3.05,8.8,1.377845426,7.9,1.593332317,4.2,0.63255396,4.02,0.614236025
288407.346,84680.11091,48892.47457,3437.304612,15365.85148,43769.59109,38601.87163,3955.663125,1394.023743,155,41.5,60.5,114,13.60409222,49,9.35,2.86,8.4,1.297539629,7.3,1.475559451,3.9,0.584084045,3.69,0.563813665
239794.1143,96641.17657,61873.46543,19236.84511,64107.76177,21291.30956,14361.55654,7671.589091,1084.240689,1060,21.5,21,47,6.400474047,28,5.75,1.75,5.1,0.752415175,3.95,0.779603659,2,0.295517857,1.84,0.281142857
244468.4635,98440.62893,59774.74236,19779.57742,60391.36979,21958.98129,17350.08854,7491.786221,1161.686453,1052,23,23.5,52,7.032769927,30.5,6.3,1.79,5.5,0.79970268,4.1,0.830375,2.2,0.32399573,2.01,0.307118012
287472.4762,93677.37269,36377.86661,9648.574349,45025.5183,30490.34227,27477.89142,4315.268864,1084.240689,785,20.7,29.02,58.11,6.7,27.21,5.03,1.56,4.22,0.62,3.5,0.69,2.03,0.303970128,1.92,0.3
261296.1206,94735.87408,53867.22556,19297.1487,61463.40594,23739.43924,16187.88165,6353.034716,1239.132216,734,24.9,22.18,45.94,5.69,24.09,5.1,1.52,4.71,0.73,4.09,0.85,2.48,0.364018168,2.25,0.35
266437.9047,93677.37269,51068.92813,15075.89742,59319.33364,25816.64017,14776.63043,5154.34892,1703.806797,1011,30.4,37.99,79.93,9.88,40.36,7.61,2.25,6.42,0.92,5.15,1.01,2.83,0.417881619,2.6,0.39
229043.1111,87326.36437,79051.90244,46433.76406,71469.07667,21365.49531,5561.990106,9949.092102,1316.57798,487,24.9,14.75,31.44,4.04,17.75,4.3,1.57,4.63,0.74,4.41,0.88,2.43,0.34711842,2.08,0.31
242131.2889,95265.12477,69957.43579,32563.93843,68610.3136,25816.64017,5728.019661,9050.077755,1161.686453,525,24.8,14.39,32.52,4.22,18.28,4.35,1.54,4.57,0.72,4.33,0.86,2.35,0.340176339,2.07,0.3
234184.8952,92618.87131,73455.30758,32563.93843,66466.2413,22255.72428,4067.724107,7671.589091,1084.240689,517,28.7,16.4,33.88,4.63,19.56,4.57,1.5,4.78,0.75,4.49,0.94,2.6,0.383252717,2.38,0.34
244001.0286,93677.37269,71356.58451,24724.47177,55745.8798,32048.24297,15108.68954,12106.72653,1239.132216,692,35.1,38.07,76.64,9.37,38.17,7.76,2.57,7.5,1.11,6.28,1.22,3.29,0.469496564,2.81,0.41
226238.5016,79387.60398,84648.49731,63318.76917,64322.169,22849.21026,5977.063994,7971.26054,1471.469507,710,25,24.81,54.75,7.14,30.42,6.22,1.96,5.8,0.8,4.45,0.88,2.42,0.355551514,2.2,0.33
219694.4127,75682.84912,97940.41011,57589.92815,65036.85977,22181.53854,6807.211771,11087.84361,1316.57798,511,20.9,21.5,44,5.6,23.3,5.1,1.77,4.8,0.75,4.1,0.78,1.83,0.24,1.51,0.22
219226.9778,71978.09427,88146.3691,58675.39276,63821.88547,20401.08059,8716.551658,14683.90099,1239.132216,620,20,24.8,50,6.2,26.1,5.8,1.79,5.2,0.74,4,0.72,1.74,0.23,1.27,0.16
255219.4666,80975.35606,74154.88194,37026.40407,56460.57057,24852.22545,3735.664996,10128.89497,1548.91527,284,19.7,7,15.3,2.2,11,3.6,1.35,4.2,0.67,3.8,0.69,1.87,0.26,1.33,0.19
243533.5936,76741.35051,77652.75373,40644.61945,57461.13764,24332.92522,5312.945773,10248.76355,1006.794926,339,20,10.5,20,2.9,13.8,4,1.45,4.2,0.69,3.9,0.75,1.72,0.23,1.35,0.18
243533.5936,78858.35328,81150.62552,45408.60303,58961.98825,23516.88199,5229.930995,10188.82926,1084.240689,370,18,9.5,21,2.8,12.7,3.7,1.19,3.7,0.64,3.5,0.68,1.61,0.22,1.22,0.18
241663.854,78329.10259,83948.92295,44142.22765,60391.36979,23961.99648,6558.167438,11147.7779,1161.686453,394,19.7,11.8,24.2,3.2,14.5,3.9,1.6,4,0.67,3.8,0.7,1.75,0.24,1.37,0.2
255640.1581,93624.44762,56121.4096,15196.5046,35091.31664,38502.40301,25900.61064,8270.931988,1006.794926,567,21.5,35.3,66.5,7.6,29.5,5.9,1.8,5.1,0.7,3.8,0.7,2,0.3,2,0.3
225911.2971,82351.40786,79673.74632,46494.06765,66108.89592,22329.91003,8467.507325,8990.143466,1084.240689,495,21.3,15.6,30.7,4.02,18,4.28,1.41,4.41,0.72,3.96,0.79,2.14,0.302,1.96,0.283
230024.7244,77535.22655,79362.82438,51559.56918,58604.64287,24184.55372,11705.08366,11207.71219,1006.794926,571,17.4,23.6,46.1,5.55,23.4,5.14,1.63,4.77,0.76,3.92,0.7,1.78,0.224,1.44,0.196
257416.4108,80340.25522,62339.84834,38775.20817,57604.0758,27077.79788,2905.517219,11087.84361,1084.240689,353,15.7,7.13,15,2.1,11,3.81,1.43,4.37,0.64,3.42,0.59,1.46,0.201,1.16,0.131
236428.5828,62769.13221,71900.6979,69409.43172,86048.76831,14540.40653,5478.975328,4555.006023,1316.57798,690,13.2,12.4,26.5,3.32,14.6,3.19,0.922,3.02,0.43,2.63,0.49,1.36,0.187,1.23,0.158
223901.327,105850.1386,60396.58623,44323.13842,67895.62284,24110.36797,4814.857106,7311.983352,1006.794926,540,19,9,20,2.732246976,12,3.1,1.16,4.2,0.630426319,3.4,0.735629573,2.1,0.303236607,1.84,0.281142857
224368.7619,95265.12477,66070.91158,44323.13842,69682.34975,25223.15419,4150.738885,8151.063409,1161.686453,435,24.5,9.7,25,3.466074584,15.5,3.9,1.35,4.5,0.716336561,4.2,0.892660061,2.5,0.369397321,2.3,0.351428571
228108.2413,94206.62339,67858.71272,43720.10252,71469.07667,25223.15419,3652.650219,9110.012045,1239.132216,475,26.8,10.2,26,3.541767895,15.5,4.1,1.54,4.8,0.780234608,4.7,0.982272866,2.7,0.400176436,2.5,0.381987578
224368.7619,95265.12477,73610.76855,41910.99483,68610.3136,25223.15419,5645.004883,10248.76355,1316.57798,480,28.5,12.7,30,4.250668056,19.5,4.7,1.65,5.5,0.876745363,5.15,1.04927439,2.8,0.423236801,2.7,0.412546584
318182.9505,84733.03598,23085.95381,1990.01846,18224.61455,33086.84343,24987.44809,3116.583068,619.5661082,2914,201,21.14,42.77,5.87,22.58,4.29,1.17,3.83,0.57,3.31,0.55,1.83,0.32,1.23,0.31
327578.3924,80710.73071,17955.74185,4643.376406,11720.92857,29748.48479,24821.41853,2217.568722,464.6745811,1916,156,23.27,47.22,5.26,18.6,3.86,0.92,2.88,0.45,2.77,0.52,1.38,0.23,1.83,0.27
329494.8755,79070.05356,16789.78459,3618.215381,11935.3358,32790.10044,24157.30031,2277.503011,387.2288176,1757,128,24.69,44.32,4.55,17.31,3.14,0.99,2.39,0.35,2.09,0.42,1.23,0.19,1.42,0.23
333327.8419,77111.826,16634.32362,3618.215381,13436.18641,35164.04437,23244.13776,2097.700142,387.2288176,1825,142,23.58,48.55,5.26,18.35,3.47,0.52,2.94,0.44,2.43,0.47,1.34,0.24,1.43,0.24
258351.2806,96588.2515,49902.97086,27860.25843,58890.51918,22478.28153,8716.551658,1198.685795,929.3491622,1439.5,163,20.35,49.84,6.9,27.28,5.07,1.31,3.58,0.52,2.84,0.6,1.6,0.23,1.43,0.24
277235.6514,90925.26909,40186.66034,19357.45229,43024.38415,25223.15419,13448.39399,4135.465994,697.0118717,3913,198,14.05,32.68,4.25,17.92,4.14,1.08,3.72,0.55,3.48,0.7,2.02,0.32,2.15,0.33
285555.993,90290.16826,41041.69566,19417.75588,41523.53354,27374.54087,17018.02943,4255.334574,774.4576352,3747,218,15.87,36.03,4.59,20.01,4.21,1.07,4.04,0.62,3.63,0.79,2.19,0.33,2.22,0.33
292053.3384,81504.60675,36300.13613,14834.68306,39522.3994,27597.09811,11373.02454,4075.531704,697.0118717,814.8,231,16.61,40.14,4.99,20.85,4.83,1.05,3.98,0.65,3.84,0.73,2.09,0.33,2.21,0.34
236101.3784,65203.6854,79906.93777,53067.15892,63393.07101,24110.36797,9463.684658,16122.32395,1084.240689,631,23.01,24.9,51.9,7.3,31.4,7.68,2.61,7.45,1.06,5.5,0.91,2.36,0.26,1.68,0.2
236849.2743,67003.13776,78896.44148,48242.87175,64679.51439,21365.49531,8882.581214,16601.79827,1084.240689,678,25.6,25.6,53.1,7.5,32.2,7.81,2.75,8.07,1.21,6.02,1.01,2.68,0.3,1.9,0.26
237456.9397,67373.61324,77730.48421,46011.63893,64965.39069,21588.05255,10293.83243,16841.53543,1006.794926,678,25.82,25.9,54.1,7.5,32.2,7.95,2.76,8.06,1.21,6.02,1.02,2.66,0.3,1.9,0.26
275038.7073,102515.8593,26506.09512,3316.697433,33161.65157,37983.10278,41258.34452,3416.254517,1316.57798,1867,29,42.6,95.4,12.1,50.9,9.5,3.1,7.9,1.1,5.4,1,2.8,0.4,2.4,0.4
298176.7359,104897.4874,21220.42219,361.8215381,1929.66507,65209.27215,25153.47764,899.0143466,619.5661082,141,32,88,159,14.3,43.3,6,1.73,4.4,0.7,4.4,0.9,3.3,0.54,3.9,0.61
300654.1409,78593.72794,38787.51162,7236.430762,17581.39286,34422.18689,22413.98998,4129.472565,758.9684825,182,48.8,40.4,80.9,10.1,37.8,8.14,1.95,8.14,1.31,7.88,1.6,4.58,0.68,4.59,0.742
247039.3555,89284.59194,69257.86143,27377.82972,55317.06534,29748.48479,7637.359548,11759.10765,1107.474418,366,29.1,16.6,39.3,5.37,22.6,5.52,1.8,5.62,0.9,5.47,1.09,3.23,0.463,3.02,0.466
307852.6387,77005.97586,33035.45579,9527.96717,15580.25871,33457.77217,20338.62054,3985.63027,944.8383149,180,44.4,36.8,76.7,9.04,33,6.91,1.84,6.84,1.15,7.12,1.48,4.37,0.668,4.33,0.705
279666.313,96852.87685,30314.88884,4100.644098,27515.59452,35905.90184,45492.09818,3296.385937,851.9033987,1214,24,37.2,76.9,9.24,36.3,7.7,2.07,5.9,0.9,4.5,0.9,2.6,0.39,2.8,0.47
286584.3498,95370.97491,25417.86834,3015.179484,28873.50697,35757.53035,40013.12285,2697.04304,929.3491622,1267,23,37.7,77.6,9.09,36.4,7,1.93,5.4,0.8,4.2,0.8,2.6,0.37,2.7,0.48
215394.0114,71501.76865,110455.0181,43901.01329,80474.18033,7492.760509,3403.605886,13065.67517,1006.794926,243,35,5.47,26.95,3.61,13.1,6.09,1.69,5.41,1.04,6.54,1.55,3.24,0.88,4,0.71
214552.6286,66579.7372,107812.1816,43720.10252,84333.51047,14021.1063,4897.871884,13784.88665,5421.203446,320,28,5.84,22.5,2.33,12.5,5.35,1.63,3.92,0.82,4.89,0.83,3.16,0.48,3.26,0.32
314583.7016,78593.72794,23319.14526,7839.466659,32875.77527,28190.58409,31960.68941,2996.714489,542.1203446,402,23,18,54.1,6.1,22.95,5.4,1.76,4.36,0.76,3.87,0.8,2.61,0.6,2.54,0.32
299672.5276,80499.03043,25417.86834,12362.23588,26800.90375,38502.40301,29968.33475,3476.188807,309.7830541,458,24,24.47,59.6,5.76,23.3,5.25,1.47,3.75,0.74,3.53,0.83,2.63,0.38,2.48,0.45
333327.8419,52977.99439,31791.76804,8744.020504,16938.17117,38650.77451,26813.7732,4914.611761,387.2288176,225,26,14.14,40.9,3.95,19,4.52,1.06,3.9,0.68,3.7,1.1,2.47,0.48,4.06,0.46
319538.5117,73989.24691,22153.188,8864.627683,19939.87239,41098.90418,36692.53174,2876.845909,387.2288176,612,12,27.26,63.1,6.57,25.7,5.32,1.45,3.89,0.54,2.53,0.53,1.45,0.23,2.4,0.22
305094.7727,81822.15716,22852.76236,7839.466659,22870.10453,29006.62732,37273.63519,3356.320227,619.5661082,581,15,52.29,68.15,6.89,28.3,4.47,1.82,4.13,0.44,2.55,0.52,1.49,0.35,1.89,0.25
292801.2343,83039.43376,30081.69739,8261.591787,36592.16725,33754.51516,34285.10319,3176.517358,774.4576352,635,15,18.14,48.15,4.97,19.95,5.76,1.55,3.3,0.53,2.53,0.52,1.49,0.2,1.57,0.31
295512.3568,82933.58362,27283.39996,7176.127172,34662.50218,41989.13315,32126.71897,2996.714489,774.4576352,585,13,18.71,46.6,4.34,18.8,4.39,1.42,3.45,0.48,2.71,0.43,1.32,0.31,1.75,0.28
248207.9428,79175.9037,72600.27226,37207.31483,64179.23085,18843.17989,17765.16243,5633.823238,464.6745811,555,17,18.2,39.65,4.26,16.05,3.82,1.83,3.01,0.54,3.63,0.62,1.7,0.28,1.64,24
314536.9581,76053.32461,28682.54867,7417.341531,26872.37283,14688.77803,35779.36919,3416.254517,1006.794926,986,12,41.39,83.5,8.88,31.3,7.23,2.3,4.55,0.53,2.61,0.6,0.98,0.28,1.43,0.23
309161.4565,77323.52627,30159.42787,10131.00307,29659.66682,27448.72662,36858.5613,3655.991676,619.5661082,413,22,51.03,83.15,8.74,29.55,5.75,2.11,4.43,0.74,3.57,0.71,2.29,0.26,2.37,0.53
311592.1181,78276.17752,25728.79027,8563.109735,21440.723,32419.17171,38601.87163,3116.583068,542.1203446,378,18,24.35,55.8,5.94,21.6,4.57,1.78,3.16,0.6,3.49,0.79,2.06,0.37,1.85,0.27
298877.8882,99869.6058,1554.609684,301.5179484,428.81446,5638.116818,123858.0483,899.0143466,77.44576352,128.7,4.4,2.5,4.8,0.79,3.3,0.8,0.05,0.86,0.12,0.71,0.15,0.5,0.08,0.74,0.11
332112.5111,77799.8519,2487.375495,241.2143587,357.3453833,2448.129671,103519.4278,1078.817216,77.44576352,50.1,31.3,8.9,11.2,1.96,8.1,1.9,0.32,2.87,0.61,4.27,1.1,3.97,0.69,4.67,0.75
255311.327,92340.41664,64963.16668,31219.33723,56503.4806,28730.19638,12743.17515,6253.735584,1087.818684,856.0872431,20.17188675,22.14172665,48.07294237,6.039374187,25.25664698,5.142594577,1.448564842,4.328920898,0.618420806,3.553390003,0.699170652,1.922520889,0.280342829,1.844151875,0.287485322
245122.8724,81081.20619,88068.63861,24000.82869,55031.18904,28784.07007,12784.27577,16961.40401,1316.57798,642,28.2,23.1,51.1,7.02,32.34,7.8,2.57,7.52,1.083,5.88,1.077,2.69,0.361,2.27,0.323
263119.1168,96164.85095,53867.22556,16885.00511,50242.7609,26781.05489,10874.93588,4746.79575,1122.963571,603,21,18.8,37,5.18,21,4.3,1.27,3.09,0.66,3.57,0.63,2,0.37,1.95,0.32
251152.7828,98440.62893,63194.88367,18392.59485,51886.54966,28116.39834,9131.625547,4986.532909,913.8600095,601,21,16,39,4.6,21.5,4.3,1.45,3.41,0.72,3.99,0.79,1.99,0.32,2.13,0.31
256060.8495,97964.30331,59697.01188,17910.16614,51028.92074,25519.89718,12120.15754,4195.400284,619.5661082,662.7,20.5,13.1,29.6,3.98,18.9,3.8,1.32,4.02,0.55,3.28,0.66,2.2,0.29,1.94,0.33
265222.574,94894.64929,54411.33895,16221.66562,46311.96168,25816.64017,11040.96543,4495.071733,1006.794926,613.6,20.3,17.9,40,5.25,23.1,4.5,1.18,4.51,0.54,3.18,0.63,1.92,0.24,1.82,0.32
256341.3105,97276.27741,57054.17541,17970.46973,54459.43642,28709.88433,9712.728991,5100.40806,1130.708147,643,20,15.3,34,4.31,18.1,4,1.23,3.26,0.61,3.41,0.63,1.76,0.28,1.62,0.26
256201.08,96852.87685,57831.48025,18151.38049,51958.01874,28561.51283,10127.80288,5130.375204,1262.365945,607,20,17.3,39.4,5.01,22.2,4.2,1.25,3.29,0.64,3.46,0.79,1.76,0.28,1.81,0.27
257790.3587,92777.64651,56976.44493,25086.29331,53530.33843,23591.06774,9214.640324,5873.560398,1006.794926,538,25.3,14.7,34.5,4.47,19.3,4.5,1.26,4.98,0.72,4.18,0.8,2.62,0.33,2.23,0.35
265549.7784,91242.8195,50913.46716,22734.45331,50671.57536,24407.11096,14776.63043,4375.203153,929.3491622,621.7,21.1,18.7,39.9,4.99,22,4.6,1.13,3.88,0.6,3.56,0.68,2.22,0.27,2,0.27
275085.4508,92089.62061,48503.82215,17246.82665,44096.4203,27374.54087,16021.8521,4255.334574,774.4576352,555.8,21.6,19.1,45.8,5.58,24.8,5,1.23,4.18,0.68,3.9,0.8,2.05,0.31,2.05,0.36
304393.6203,80287.33015,35134.17886,11337.07486,28873.50697,24407.11096,29885.31997,3476.188807,387.2288176,417.2,29.3,33.5,76,8.61,32.1,6.1,1.08,5.58,0.89,5.42,1.06,2.98,0.46,2.81,0.48
297382.0965,85050.58639,36066.94467,12422.53947,33161.65157,25668.26867,26066.6402,3655.991676,387.2288176,477.5,23.5,23.4,52.5,6.14,24.7,4.9,1.05,4.54,0.74,4.06,0.84,2.22,0.38,2.14,0.38
346042.0717,73301.221,4041.985179,1145.768204,13221.77918,54155.59576,1162.206888,1138.751506,154.891527,115.4,11,10.5,22.4,2.48,8.6,1.7,0.22,1.41,0.25,1.59,0.33,0.99,0.21,1.24,0.25
348706.4508,75418.22378,2953.7584,603.0358968,4073.73737,46885.39249,19508.47276,1138.751506,154.891527,150.1,18,19.4,49.9,5.63,18.8,3.4,0.69,2.64,0.48,2.67,0.6,1.63,0.28,1.85,0.35
233530.4863,83092.35883,81617.00842,43117.06662,58104.35933,27597.09811,12120.15754,10488.50071,1161.686453,573,18,17,34,3.78,18,4.32,1.4,4.07,0.65,3.57,0.65,1.84,0.24,1.6,0.23
360859.7587,71978.09427,3031.488884,361.8215381,3787.861063,32493.35745,34368.11797,239.7371591,619.5661082,16,16.7,5.21,13.8,1.8,7.54,2.62,0.122,2.65,0.52,2.8,0.51,1.44,0.216,1.28,0.173
284667.8666,87590.98972,49902.97086,3738.82256,17152.5784,43472.8481,38850.91596,3596.057386,2091.035615,259.1,41.8,70.95,145.5,14.99,55.43,10.14,3.16,8.17,1.26,7.54,1.538,4.4,0.646,4.18,0.658
278591.2127,80975.35606,55266.37428,9166.145632,27158.24913,38428.21726,29138.18697,7431.851932,1394.023743,356.3,39.8,48.4,105.7,11.42,45.27,9.27,2.76,8.16,1.257,7.4,1.476,4.16,0.586,3.67,0.559
255219.4666,96852.87685,57365.09735,17367.43383,56174.69426,23368.5105,18014.20676,7252.049062,1084.240689,1048.3,23,23.8,51.3,6.9,29.2,6.2,1.7,5.2,0.7,4,0.8,2.3,0.3,2,0.3
269476.2317,96323.62616,45083.68084,11457.68204,46026.08537,25297.33994,26481.71409,5573.888949,1161.686453,750,25,29.2,60.6,7.5,30.2,6.3,1.7,5.1,0.7,4.4,0.9,2.6,0.4,2.4,0.4
247740.5079,87326.36437,64360.84093,27317.52613,69753.81883,20549.45209,16436.92598,7132.180483,1316.57798,705,23,22.5,48,6.323869766,26.5,5.8,1.6,5.1,0.763421273,4.1,0.8474375,2.3,0.346289014,2.2,0.336149068
259426.3809,100557.6317,48581.55263,14050.7364,60034.0244,27300.35512,14444.57132,4914.611761,1626.361034,955.6,23.3,33.9,69.3,8.7,35.5,6.7,2,5.3,0.7,4.2,0.8,2.4,0.3,2.1,0.3
246338.2032,95000.49942,59152.89849,20985.64921,62678.38024,26410.12615,15938.83732,6532.837585,1626.361034,865,26,33,64,8.093387259,32,6.5,1.9,5.4,0.82731932,4.6,0.937050305,2.5,0.377068129,2.4,0.366708075
266437.9047,93095.19693,45783.2552,15558.32614,40665.90462,27374.54087,15855.82254,4075.531704,929.3491622,540,20.6,23.8,47,5.46,18.5,3.93,1.33,3.59,0.59,3.36,0.67,1.95,0.29,1.93,0.31
230632.3898,90607.71867,83093.88762,36905.79689,73613.14897,21365.49531,3154.561553,8270.931988,1548.91527,491,26.7,12.8,26.3,3.76,15.6,3.98,1.41,4.58,0.78,4.68,0.9,2.53,0.37,2.24,0.36
268120.6705,89496.29222,52001.69394,14111.03999,39522.3994,30341.97077,17350.08854,6532.837585,1006.794926,412,32.9,26.9,53.4,6.51,24.2,5.64,1.64,5.69,0.93,5.41,1.04,2.95,0.43,2.76,0.44
220208.5911,91084.0443,71356.58451,41307.95893,69396.47345,20846.19508,8301.47777,7431.851932,1394.023743,579,26.6,15.2,33.3,4.44,17.1,4.28,1.52,4.75,0.79,4.57,0.87,2.45,0.36,2.29,0.35
266811.8527,95000.49942,47493.32585,16281.96921,43810.544,29080.81306,17433.10332,4495.071733,1084.240689,584,22,23.3,46.4,5.44,18.6,3.96,1.31,3.91,0.64,3.58,0.71,2.08,0.31,2.07,0.34
333140.8679,77746.92683,18733.0467,2351.839998,3216.10845,39318.44623,31213.55641,3350.326798,363.9950885,125,36,18.3,77.9,5.64,22.4,5.4,1.13,5.16,0.93,6.02,1.26,3.91,0.59,4.16,0.689
306590.5644,78117.40231,40963.96518,10010.39589,12435.61934,47256.32123,10127.80288,6065.350125,805.4359406,174,41.3,28.5,61,7.45,31.7,6.72,1.36,6.76,1.13,7.4,1.6,4.85,0.69,4.26,0.66
317481.7981,79122.97863,24407.37204,8321.895376,13007.37195,33457.77217,28557.08353,2828.898477,619.5661082,335,23.1,27.4,56,6.17,23.4,4.37,1.05,3.87,0.62,3.85,0.81,2.41,0.37,2.5,0.432
314443.4711,83409.90924,25651.05979,4341.858457,16795.23302,39392.63198,25485.53675,4495.071733,851.9033987,237.2970794,36.94261288,31.96663137,67.43444944,8.444774036,34.1145787,7.035505405,1.613718711,6.829668925,1.042193334,6.162190568,1.233957076,3.623524747,0.529802391,3.408918327,0.559879531
312573.7314,82668.95827,26195.17318,5547.930251,18081.6764,41098.90418,25983.62542,4435.137443,851.9033987,221.4865639,37.04061039,31.38194374,67.26932635,8.626113379,34.51294074,7.206951165,1.63727214,6.988267765,1.080471367,6.237023636,1.277812496,3.67165933,0.574871781,3.629391933,0.570717058
315658.8019,78964.20342,23552.33672,3557.911791,15723.19687,30861.27101,18097.22154,2595.154747,348.5059358,300,22.9,20.8,44.3,4.93,18.6,3.58,1,3.32,0.57,3.65,0.73,2.24,0.352,2.46,0.417
333935.5073,72666.12017,16245.6712,2351.839998,10577.42335,39170.07474,9546.699435,1690.146972,363.9950885,175,13.3,19.5,36.6,3.64,12.8,2.31,0.603,2.11,0.35,2.18,0.45,1.36,0.217,1.53,0.249
320099.4336,78911.27835,26894.74754,6814.305634,16152.01133,37018.68806,12203.17232,2936.780199,619.5661082,347,17.1,17.8,36,3.95,14.4,3.17,0.953,2.88,0.47,2.98,0.6,1.73,0.286,1.93,0.31
334823.6336,81187.05633,24096.45011,1748.804101,4931.36629,50743.05137,6060.078772,2870.85248,394.973394,214,17.4,16.5,36.3,4.16,16.9,3.44,0.99,3.14,0.49,2.95,0.6,1.81,0.288,2.16,0.372
230305.1854,86828.86872,80062.39874,40294.85863,69553.70541,26113.38316,6566.468916,9499.584929,1208.153911,490.4103272,22.59550005,12.93760509,28.98104621,3.883414299,17.67270345,4.451291496,1.524400628,4.649615651,0.727440437,4.261731495,0.818399596,2.191878455,0.31799183,1.90608014,0.278832295
228949.6241,88702.41618,76098.14404,42091.9056,70539.97867,25445.71143,7305.300437,9409.683494,1239.132216,697.5813666,22.05849781,15.32606766,33.85354919,4.754870934,20.88359868,4.784026086,1.708267061,5.093236568,0.73694717,4.074090674,0.794430389,2.072596988,0.286764382,1.81140282,0.26497759
230445.4159,82864.78103,81617.00842,50835.9261,64229.2592,24926.4112,5985.365472,9062.064613,1184.920182,476.8244831,20.45670539,11.40420563,25.89606183,3.755388487,17.30586526,4.390844508,1.479318363,4.46788082,0.696281633,3.819778464,0.777451986,2.034649594,0.285643293,1.699596426,0.243469648
229276.8286,88755.34125,75243.10872,41730.08406,69253.53529,25965.01166,7388.315215,9469.617784,1161.686453,630.949495,21.97507061,14.81927305,32.94183108,4.700298945,20.85352614,4.942859144,1.641153333,5.013932485,0.74743597,4.13998225,0.788822026,2.164600582,0.303080605,1.842940271,0.264748692
303832.6984,83621.60952,38010.20678,4763.983585,15866.13502,37983.10278,38518.85685,3955.663125,851.9033987,237,36,74,137,15.24350666,48,8.5,1.8,7.2,1.107984026,6.2,1.21698628,3.1,0.469405474,3,0.458385093
293549.1301,86797.11368,41974.46148,6573.091275,19653.99608,38724.96025,35696.35441,4674.874602,929.3491622,319,31.1,66.7,135.4,13.6,48.92,8.6,2.12,6.78,1.023,5.93,1.161,3.19,0.438,2.77,0.408
297288.6095,87326.36437,39487.08598,5487.626661,17438.45471,39170.07474,36858.5613,4015.597415,774.4576352,299.2,30.4,68.6,137.7,13.51,47.78,8.3,1.92,6.51,1.009,5.93,1.122,3.11,0.437,2.71,0.393
224135.0444,82933.58362,80839.70358,48122.26457,67466.80838,23739.43924,7969.418659,9589.486363,1394.023743,708.0136451,22.9882272,19.97376762,40.70042065,5.263301988,22.62920848,5.140730119,1.632532156,5.098050351,0.770976476,4.226678414,0.790607199,2.170741144,0.307930992,1.895028377,0.266369451
230071.4679,80393.18029,82083.39133,46192.5497,62392.50393,26335.9404,7554.34477,10009.02639,1239.132216,616.4048563,23.26509879,18.10018884,36.97516117,4.777906165,20.43999854,4.666028989,1.615890538,5.115282788,0.739746429,4.382678738,0.831892485,2.184098676,0.302289559,1.887209272,0.275046704
322436.6082,78699.57808,19043.96863,4040.340509,15151.44425,31454.75699,24572.3742,2397.371591,464.6745811,162,17.89,19.23,41.03,4.56,17.67,3.69,0.42,1.63,0.46,2.67,0.56,1.62,0.31,2.47,0.377403727
345340.9193,68114.56421,11426.38118,2412.143587,9076.572737,21958.98129,35862.38397,1318.554375,232.3372906,127.3,18.01,32.55,71.61,7.4,25.87,4.35,0.5,2.99,0.46,2.75,0.59,2.09,0.39,2.57,0.39268323
349641.3206,69437.69094,10182.69343,1206.071794,6646.62413,26484.3119,35862.38397,1198.685795,154.891527,85.4,16.65,29.7,56.47,6.38,19.91,2.75,0.35,3.02,0.44,2.79,0.52,1.85,0.27,2.15,0.328509317
338142.4216,68908.44025,11504.11166,1628.196921,13936.46995,17730.39368,35613.33963,1258.620085,464.6745811,114.2,15.95,25.96,51.63,5.2,20.25,2.39,0.75,1.64,0.35,2.48,0.68,1.72,0.38,1.72,0.262807453
344920.2279,68908.44025,10182.69343,1326.678973,10505.95427,25297.33994,35613.33963,1198.685795,464.6745811,75.4,16.12,27.1,53.89,5.76,19.66,2.78,0.56,1.61,0.44,2.88,0.66,1.67,0.4,1.98,0.302534161
343891.8711,69067.21546,9483.119074,1507.589742,9362.449044,28487.32708,33787.01452,1138.751506,387.2288176,94.8,15.45,26.03,52.3,5.33,18.94,2.34,0.73,1.76,0.42,2.5,0.5,1.89,0.3,2.5,0.381987578
343985.3581,68114.56421,9405.38859,1386.982563,9076.572737,22404.09578,37605.6943,1138.751506,232.3372906,59.5,20.12,28.22,49.99,5.57,20.98,3.18,0.59,1.86,0.47,2.96,0.7,2,0.46,2.44,0.372819876
343190.7187,69331.84081,10804.53731,1507.589742,7432.783974,29080.81306,32707.82241,1198.685795,309.7830541,87.6,16.12,24.84,50.6,5.33,19.07,3.01,0.56,2.36,0.44,2.42,0.65,1.77,0.33,1.98,0.302534161
350062.012,69755.24136,6451.63019,844.2502556,2358.47953,29303.37031,35447.31008,1318.554375,77.44576352,105.3,10.44,18.74,39.07,4.06,13.53,1.52,0.48,2.15,0.29,1.54,0.38,1.32,0.33,1.58,0.241416149
272981.9936,89496.29222,39642.54695,7296.734352,43453.19861,29822.67054,20089.5762,5993.428977,1084.240689,486.7,20.22,32.97,71.61,8.25,34.53,6.89,1.74,5.93,0.7,4.03,0.84,2.12,0.26,2,0.305590062
279292.3651,90872.34402,42052.19196,11638.59281,30731.70297,33309.40068,24406.34464,6113.297557,774.4576352,487.6,21.74,33.4,71.55,8.68,34.58,6.37,1.58,5.62,0.75,4.33,0.83,2.18,0.24,1.46,0.223080745
289856.3943,93994.92311,35989.21419,6995.216403,3501.984757,51484.90884,21666.85698,4255.334574,619.5661082,472.5,5.45,14.38,33.45,3.86,15.85,2.36,0.77,1.94,0.28,1.23,0.16,0.78,0.09,0.9,0.137515528
283966.7143,85315.21174,44617.29794,4522.769226,36949.51264,25594.08293,24904.43331,5334.15179,851.9033987,365.1,18.1,22.24,46.49,5.95,23.99,4.77,1.35,3.87,0.5,3.66,0.7,1.83,0.21,1.52,0.232248447
285041.8146,91930.8454,35289.63983,8744.020504,11220.64504,40802.16119,31794.65986,5873.560398,1006.794926,308.2,24.92,25.89,60.27,7.76,30.31,5.64,1.53,5.16,0.82,4.83,0.91,2.91,0.46,2.77,0.423242236
296634.2006,92036.69554,31636.30707,3377.001022,13078.84103,42953.54787,38186.79774,4435.137443,1084.240689,264,29.4,52.3,96,10.5,37.5,6.84,1.68,5.74,0.88,5.1,0.98,2.86,0.46,3.08,0.5
292661.0038,90978.19416,36921.98,6573.091275,17224.04748,44363.07707,34783.19186,5454.020369,1161.686453,336,32,51,96.9,10.9,40.9,7.72,2.28,6.59,0.99,5.81,1.1,3.21,0.49,3.25,0.51
275132.1943,89549.21729,49281.12699,12000.41435,30374.35758,37463.80254,31213.55641,8210.997699,1084.240689,536,28.5,44.5,87.4,9.94,37.7,7.37,1.94,6.3,0.95,5.32,1,2.75,0.42,2.8,0.44
293736.1041,89972.61784,35833.75322,5728.84102,15508.78964,44511.44857,36277.45785,5034.480341,1161.686453,277,31.6,49.8,96.5,10.8,39.4,7.45,2.08,6.25,0.98,5.65,1.08,3.06,0.46,3.24,0.51
291118.4686,91084.0443,36377.86661,6392.180506,17081.10932,44288.89132,34866.20663,5394.086079,1161.686453,331,31.6,49.6,96.1,10.8,40.1,7.68,2.17,6.26,0.97,5.56,1.07,3.02,0.47,3.23,0.5
261576.5816,88755.34125,56898.71444,14050.7364,36806.57448,37389.6168,28474.06875,9769.289233,1239.132216,533,31.9,45.5,91.6,10.5,41.1,8.27,2.2,7.08,1.06,5.98,1.12,3.11,0.46,3.09,0.47
228416.7483,87352.82691,79673.74632,49714.27933,63979.11743,24852.22545,7213.984182,8774.380022,1177.175606,527.3166506,21.14647443,13.4679989,28.99339994,4.001163385,17.91265762,4.264872513,1.430765679,4.469470925,0.681137647,3.899501686,0.756686699,2.026403244,0.299526621,1.786529586,0.257258792
292380.5428,93201.04707,29459.85352,6331.876917,24013.60976,39911.93221,38020.76819,4435.137443,851.9033987,316,24.9,37.5,72.5,7.86,27.4,5.25,1.34,4.52,0.72,4.26,0.83,2.46,0.4,2.92,0.47
295699.3308,92565.94624,30859.00223,6392.180506,19010.77439,40431.23245,37605.6943,4375.203153,929.3491622,344,24.2,36.7,71.1,7.81,27.3,5.22,1.3,4.4,0.71,4.12,0.82,2.5,0.41,2.95,0.47
313929.2927,85844.46243,22308.64897,2291.536408,6003.40244,44288.89132,45990.18684,2876.845909,929.3491622,33.4,40.7,59.5,112,12.1,41.3,7.42,0.73,6.17,1.07,6.85,1.38,4.25,0.74,5.2,0.86
313228.1403,83886.23487,21764.53558,2110.625639,5931.933364,41692.39016,46488.27551,2577.17446,929.3491622,23.3,41.3,58.6,113,12.2,39.5,7.31,0.42,5.84,1.05,6.48,1.33,4.2,0.78,5.27,0.87
295699.3308,97064.57713,26117.4427,4462.465637,15580.25871,43250.29086,38684.88641,4015.597415,697.0118717,310,26.8,39.4,74.7,8.34,29.8,5.68,1.42,4.71,0.78,4.55,0.89,2.68,0.44,3.13,0.51
321361.5079,79017.12849,20209.9259,1567.893332,4502.55183,41618.20441,42503.56618,2253.529295,875.1371278,11,46.1,57.4,108,11.3,38,6.83,0.268,6.18,1.11,6.89,1.41,4.68,0.84,5.7,0.809
317061.1066,80763.65578,20598.57832,1688.500511,4574.020907,41173.08992,44910.99473,2307.470156,960.3274677,6,48,72.2,141,12.8,42.6,8.4,0.31,7.4,1.2,7.6,1.6,5.3,0.89,6.1,0.93
316032.7498,82457.258,21142.69171,1869.41128,5002.835367,41618.20441,44827.97996,2535.220457,968.072044,9,45,62.5,122,10.5,35.4,7.7,0.62,6.8,1.1,6.7,1.4,4.8,0.8,5.4,0.86
318697.1289,82827.73348,21686.8051,1929.71487,5002.835367,41840.76165,45160.03907,2565.187602,991.3057731,8,45,61.3,121,10.6,36.6,7.4,0.61,6.7,1.1,6.6,1.4,4.7,0.79,5.4,0.87
316967.6197,78858.35328,20754.03928,1628.196921,4574.020907,41098.90418,46571.29029,2295.483298,944.8383149,4,46,62.1,123,13.1,45.2,8.4,0.31,6.9,1.2,7.6,1.6,5.1,0.85,6.3,1.09
310610.5047,82510.18307,20209.9259,1748.804101,5002.835367,40505.4182,46239.23118,2391.378162,929.3491622,14,43,67.6,133,11.9,38.5,7.7,0.42,6.5,1.1,6.8,1.4,4.7,0.77,5.3,0.83
316032.7498,84838.88612,21298.15267,2110.625639,5646.057057,44882.3773,45575.11296,2804.924761,898.3708568,41,40,63.7,122,12,39.6,7.4,0.77,6,1,6.4,1.4,4.1,0.74,5.1,0.77
251339.7568,93253.97214,59774.74236,20985.64921,48313.09583,34644.74413,21251.78309,10194.82269,1107.474418,680,30.3,32.9,63.9,7.6,31.1,6.51,2.07,6.18,0.97,5.21,0.97,2.76,0.396,2.52,0.363
272935.2501,95476.82505,42829.4968,10914.94973,29659.66682,39615.18922,31213.55641,7863.378818,1084.240689,502,27,43.8,91.3,8.9,32.1,7.3,2.27,6.5,1,5.2,1,3,0.44,2.8,0.43
259940.5593,91877.92034,54566.79992,19176.54152,43238.79138,37018.68806,25651.56631,9205.906909,1153.941876,537,30,32.4,67.8,8.21,33.5,7,2,6.5,1,5.5,1.1,3.1,0.46,3,0.52
289622.6768,97064.57713,25961.98173,4944.894354,21154.84669,43250.29086,33371.94063,4357.222866,689.2672953,489,19.4,26.2,46.5,5.02,18.7,3.47,1.5,3.24,0.56,3.25,0.64,2.03,0.329,2.3,0.359
291726.1339,95900.2256,24873.75495,4522.769226,20940.43946,43176.10511,33288.92586,4249.341145,681.522719,482,22.4,28.7,51,5.47,20,3.68,1.53,3.41,0.59,3.37,0.66,2.12,0.353,2.44,0.365
298831.1447,92936.42172,24718.29398,3497.608202,14150.87718,42730.99062,43748.78785,3865.76169,758.9684825,261,28,37.2,72.5,7.98,29,5.6,1.3,5,0.8,4.8,1,3,0.48,3.5,0.62
300513.9105,88808.26631,27205.66947,5125.805123,16580.82579,40727.97544,37024.59085,3925.69598,797.6913643,327,27,39.1,71.5,7.62,27,5.07,1.3,4.61,0.75,4.42,0.86,2.73,0.444,3,0.459
270270.8711,90396.01839,49592.04893,13568.30768,34876.90941,37389.6168,25153.47764,7323.97021,1037.773231,599,24.7,30.7,59.1,6.88,27,5.24,1.74,5,0.81,4.35,0.84,2.49,0.389,2.54,0.363
280273.9784,93836.1479,36688.78855,8201.288197,24013.60976,40357.0467,30964.51208,5340.145219,1099.729842,487,25,40.3,79.9,7.13,27,5.9,1.76,5.2,0.8,4.4,0.9,2.6,0.42,2.9,0.44
284761.3536,92989.34679,37155.17145,6090.662558,18724.89809,42434.24763,28972.15742,4111.492278,1285.599674,502,26,56.5,106,9.88,33.8,6.7,2.07,5.7,0.9,4.8,1,2.9,0.45,2.8,0.42
299111.6057,90978.19416,28760.27916,3196.090253,11506.52134,43101.91936,41839.44796,3446.221662,999.0503494,167,34,49.7,92.3,8.3,30.9,6.9,1.64,6,0.9,5.5,1.1,3.5,0.56,3.9,0.64
245122.8724,92936.42172,63039.4227,15317.11178,44668.17292,31825.68572,26481.71409,11513.37707,1184.920182,657,34,42.2,84.3,8.36,33.1,7.8,2.25,7.4,1.1,5.9,1.2,3.4,0.52,3.4,0.51
314396.7276,82457.258,26894.74754,723.6430762,4502.55183,46959.57824,40843.27063,1210.672653,1301.088827,5,61,85.3,158,14.1,49.8,10.1,0.42,9,1.5,8.8,1.9,5.9,0.96,6.6,1.03
294764.4609,87749.76493,34745.52644,5970.055379,16652.29486,44437.26282,34783.19186,5412.066366,1177.175606,340,33,49.4,96.3,10.9,42,8.1,2.28,7.1,1.1,6.2,1.2,3.5,0.52,3.6,0.61
231899.1385,93735.59027,78740.98051,36543.97535,66044.57375,28116.39834,4491.099473,8522.656005,1107.474418,470.6721634,19.35581417,9.194588941,21.08957324,3.069347977,14.24447193,3.718709909,1.327035939,4.047938659,0.618588302,3.541767666,0.699250089,1.85201128,0.265248662,1.545826454,0.235673178
294998.1784,92989.34679,28993.47061,6030.358968,18867.83624,40876.34693,37937.75341,4255.334574,851.9033987,364.6526591,26.69126137,41.8821136,79.16528327,8.850513713,31.08288144,5.629284648,1.346418022,5.257497812,0.813183162,4.6048639,0.901277169,2.719079983,0.45027399,2.940905734,0.459833157
288921.5244,86850.03875,33968.2216,6090.662558,18439.02178,43917.96259,35696.35441,4674.874602,1084.240689,277.5649771,32.5417348,49.41527724,93.25783576,10.67471351,38.88999728,7.124051232,1.917758567,6.773071193,1.051231443,5.904205516,1.118624911,3.282395008,0.532835981,3.309890184,0.504188886
314303.2406,82721.88334,20598.57832,1929.71487,5074.304444,45475.86329,43582.75829,2679.062753,836.414246,33,40.5,52.1,96,9.97,34.5,6.39,0.646,5.72,1,6.15,1.24,4.04,0.711,4.75,0.712
319024.3333,78699.57808,21298.15267,2110.625639,5431.649827,43250.29086,44495.92085,2553.200744,1006.794926,33,46.3,65.1,119,12.5,43,7.48,0.45,6.74,1.16,7.06,1.44,4.79,0.863,5.65,0.821
280834.9003,92142.54568,39798.00792,8442.502556,22798.63546,43101.91936,32707.82241,7611.654801,1014.539502,423,25.6,33.2,72.3,7.85,31.7,6.39,2.13,5.76,0.86,4.78,0.87,2.52,0.382,2.51,0.376
254424.8273,92777.64651,58997.43752,20563.52408,46240.4926,34570.55839,21417.81265,10218.79641,1091.985266,671,23.6,25.9,52.7,6.17,25.7,5.32,1.8,5.08,0.78,4.39,0.84,2.38,0.343,2.13,0.313
297569.0705,89602.14235,27594.3219,5608.23384,18296.08363,41173.08992,34949.22141,4273.314861,805.4359406,361,25.7,37.7,68.5,7.47,27.2,5.04,1.28,4.42,0.73,4.34,0.84,2.61,0.428,2.9,0.451
301962.9587,89549.21729,23785.52817,3437.304612,12792.96472,43250.29086,41341.35929,3649.998247,751.2239061,228,29.4,37.4,68.8,7.32,26.7,4.87,1.27,4.59,0.76,4.48,0.91,2.88,0.481,3.23,0.468
240843.4122,93032.95705,72867.66512,27338.27056,59553.75221,27081.95228,11940.84562,8442.583794,1152.392961,634.4655617,26.03322023,22.84461789,47.43724084,6.097925707,25.67759161,5.481100932,1.627240705,5.14131329,0.77334155,4.568923578,0.899519387,2.445097426,0.354423095,2.308572203,0.353016655
274845.1425,90250.92961,50499.14036,17458.84804,38894.20765,30851.49332,21721.53881,6082.119739,847.5586914,563.6360907,21.80066984,30.99394007,61.4483338,7.114018482,27.33701484,5.175648278,1.297560314,4.449007197,0.657247382,3.760837861,0.73278387,2.02369846,0.300946962,2.008311397,0.311937721
272665.0915,88206.74115,55177.97917,13628.68363,34794.60563,35674.05655,19257.33645,8473.222203,1310.785037,504.8585937,40.55903304,34.06910791,71.97698853,9.554945228,40.54703687,8.611246934,2.311807614,7.977447169,1.202015709,7.117724422,1.399152683,3.817779434,0.553623003,3.654831529,0.563219935
236947.4356,88316.06317,71356.58451,39908.91565,65765.84435,25965.01166,8608.632447,8558.616579,1146.1973,453.4501807,20.61383513,12.49958956,27.25813705,3.610399169,15.40389004,3.564817025,1.252124891,3.935921675,0.606751047,3.560719445,0.725424587,1.961407029,0.289560058,1.763845703,0.264235906
254284.5968,99922.53087,64982.6848,22493.23895,52029.48782,27448.72662,12452.21665,7491.786221,1239.132216,748,22.4,19.2,39.9,5.203095298,21.5,4.61,1.51,4.3,0.66,3.75,0.73,2.12,0.3,1.92,0.29
286163.6584,94894.64929,34201.41305,11095.8605,30731.70297,24110.36797,28889.14264,2217.568722,697.0118717,483,27.5,24.1,50.3,6.15,25.1,5.19,1.34,5.09,0.76,4.42,0.86,2.55,0.37,2.56,0.39
352118.7257,72824.89538,5829.786316,904.5538452,5717.526134,27077.79788,31130.54164,779.145767,309.7830541,117,11.5,24.2,43.9,4.57,15.2,2.57,0.54,2.03,0.32,1.9,0.37,1.12,0.17,1.17,0.18
341788.4139,75629.92405,12903.26038,2291.536408,8290.412894,28561.51283,35198.26574,1618.225824,542.1203446,166,11.4,23.3,41.1,4.09,13.5,2.25,0.46,1.89,0.29,1.75,0.35,1.11,0.18,1.29,0.19
345107.2019,75894.5494,12281.41651,2412.143587,7575.722127,28190.58409,34949.22141,1558.291534,542.1203446,157,11.6,23.6,40.2,4.08,13.4,2.29,0.46,1.9,0.3,1.71,0.35,1.09,0.18,1.31,0.19
334356.1987,76847.20065,13680.56522,2713.661536,9791.263504,30045.22778,32541.79286,1678.160114,542.1203446,182,9.7,20.6,35.8,3.55,11.5,1.9,0.45,1.6,0.25,1.49,0.29,0.94,0.15,1.11,0.17
338937.0609,81081.20619,10726.80682,2110.625639,14222.34626,33902.88666,28557.08353,1258.620085,309.7830541,562,8.3,23.6,46.3,4.85,18.2,3.06,0.725,2.11,0.28,1.41,0.27,0.76,0.117,0.8,0.117
315097.88,78276.17752,26894.74754,9166.145632,20440.15593,25594.08293,25651.56631,3476.188807,619.5661082,238.1,24.9,31.5,63.5,7,24.8,4.5,1,4.1,0.6,3.7,0.7,2.1,0.3,2.1,0.3
345387.6628,72560.27003,9405.38859,1085.464614,3001.70122,25594.08293,45243.05385,1438.422955,232.3372906,62,40.9,63.5,132.4,15.7,53.6,9.3,1.5,7.7,1.1,6.3,1.2,3.6,0.6,3.6,0.5
344125.5885,72983.67059,11504.11166,1929.71487,7146.907667,30416.15652,32043.70419,1498.357244,851.9033987,128.4,22.1,26.5,52.9,5.9,20.4,3.7,0.7,3.2,0.5,2.9,0.6,1.7,0.3,1.9,0.3
356793.0749,68379.18956,7850.778906,1447.286152,4716.95906,27819.65535,32873.85197,839.0800568,309.7830541,85.3,22.8,22.4,47.6,5.3,18.1,3.5,0.4,3,0.4,2.5,0.5,1.3,0.2,1.3,0.2
282751.3835,87538.06465,45083.68084,16523.18357,40737.3737,25594.08293,18014.20676,4315.268864,1006.794926,322.9,26.4,10.9,25.1,3.5,15.9,4,1,4,0.6,4,0.8,2.5,0.4,2.4,0.4
278404.2387,91507.44485,45705.52472,14171.34358,36949.51264,32196.61446,19508.47276,4854.677471,1161.686453,335.8,29.3,17.9,39.9,5.3,22.2,5,1.3,4.8,0.8,4.6,0.9,2.8,0.4,2.8,0.4
319071.0768,79863.9296,23396.87575,5246.412302,16080.54225,28413.14133,39182.97507,2756.977329,542.1203446,150.2,30.1,18.3,41.8,5.4,21.7,4.8,0.8,4.5,0.7,4.5,0.9,2.8,0.5,2.9,0.4
287238.7587,89760.91756,41430.34809,12301.9323,33376.0588,33680.32942,20006.56143,4435.137443,851.9033987,315.1,29.8,19,43.4,5.5,22.8,5,1.2,4.8,0.8,4.6,0.9,2.8,0.4,2.7,0.4
311031.1962,82457.258,27905.24383,7718.859479,19439.58885,31083.82825,34368.11797,3296.385937,232.3372906,203.7,32.1,15.5,38.8,5.3,22.3,5,0.8,4.6,0.7,4.5,0.9,2.8,0.4,2.9,0.4
277609.5993,85103.51146,53167.6512,18030.77332,39951.21386,26261.75465,21583.8422,6173.231846,1084.240689,295.6,32.6,18.6,43.1,5.9,24.6,5.6,1.2,5.4,0.9,5.1,1,2.9,0.4,2.7,0.4
310189.8133,88808.26631,27594.3219,6331.876917,23799.20253,38576.58876,18180.23632,2517.24017,1239.132216,335.4,20,17.4,36.9,4.7,18.6,3.7,1.1,3.4,0.5,2.9,0.6,1.8,0.3,1.8,0.3
311779.092,83092.35883,27283.39996,9769.181529,26586.49652,28932.44157,21500.82742,2577.17446,619.5661082,298.5,14.9,32.2,64.4,7.3,25.3,4,0.8,3.4,0.4,2.4,0.5,1.4,0.2,1.4,0.2
331878.7936,79863.9296,17644.81992,5849.448199,21226.31577,28042.2126,21500.82742,1438.422955,464.6745811,263.5,12.5,9.6,22.3,2.6,9.4,1.8,0.5,1.6,0.2,1.3,0.3,0.8,0.1,0.8,0.1
267185.8006,94524.1738,45472.33326,23699.31075,46311.96168,28561.51283,9214.640324,3536.123096,1316.57798,440.7,13.6,7.2,17.7,2.3,10.1,2.3,0.8,2.2,0.3,2.1,0.4,1.2,0.2,1.2,0.2
252461.6006,102304.159,54489.06943,24784.77536,57318.19949,25148.96844,4565.812773,4075.531704,1626.361034,570.8,15.3,6,15.9,2.2,10.1,2.5,0.9,2.5,0.4,2.5,0.5,1.4,0.2,1.2,0.2
232455.386,105162.1127,67392.32981,24543.561,60319.90071,29303.37031,2075.369442,5993.428977,1239.132216,557.3,20.8,6.8,18.2,2.5,11.8,3.2,1.1,3.3,0.5,3.5,0.7,2.1,0.3,2,0.3
230258.4419,93730.29776,75009.91727,32805.15279,71969.36021,20846.19508,8716.551658,9050.077755,1316.57798,526.5,22.3,14.3,32,4.1,18,4.2,1.4,4.2,0.6,3.8,0.7,2.1,0.3,1.9,0.3
330009.0539,78382.02766,18344.39427,2593.054356,13364.71734,28042.2126,34119.07363,1378.488665,464.6745811,267.8,25.6,35.1,67.9,7.5,26,4.8,1,4.2,0.6,3.7,0.7,2.1,0.3,2.1,0.3
320333.1511,77958.6271,26117.4427,5728.84102,14865.56795,21217.12382,43914.8174,2936.780199,542.1203446,195.1,37.4,44.1,92.9,10.7,39.1,7.5,1.1,6.5,1,5.5,1,2.9,0.4,2.6,0.4
302149.9327,84997.66132,32646.80337,12482.84306,28230.28528,24703.85395,31047.52686,3655.991676,619.5661082,563.8,16.2,34.3,67.1,7.5,27.7,4.9,1.4,4,0.5,2.7,0.5,1.4,0.2,1.3,0.2
292661.0038,88226.09055,30314.88884,13990.43281,32875.77527,37760.54553,19757.51709,3715.925966,542.1203446,979,10.5,20.3,42.6,5.2,20.8,3.8,1.1,2.9,0.3,1.7,0.3,0.8,0.1,0.7,0.1
294484,89707.99249,28682.54867,9648.574349,31875.20819,37537.98829,17682.14765,3775.860256,542.1203446,859.7,10.2,22.7,48.1,5.9,23.4,4.2,1.3,3.2,0.4,1.8,0.3,0.8,0.1,0.6,0.1
332159.2546,82668.95827,10804.53731,1869.41128,13364.71734,34051.25815,29968.33475,1438.422955,309.7830541,534.7,9.2,23.2,47.4,5.4,19.6,3.2,0.8,2.3,0.3,1.3,0.2,0.7,0.1,0.6,0.1
277983.5473,93624.44762,42440.84438,7658.55589,39236.52309,27893.8411,24406.34464,5274.2175,464.6745811,503.8,18.8,24.2,49.9,5.9,22.7,4.4,1.2,3.9,0.6,3.1,0.6,1.7,0.3,1.6,0.2
271906.8933,90925.26909,45083.68084,16704.09434,45811.67814,25965.01166,21500.82742,5214.28321,774.4576352,515.9,18.2,22.9,47.8,5.6,21.9,4.3,1.2,3.8,0.5,3.1,0.6,1.7,0.3,1.6,0.2
287051.7847,87379.28944,41508.07857,13628.61127,37306.85802,27745.46961,24655.38898,4734.808892,697.0118717,410.7,24.2,25.5,54.8,6.7,25.9,5.1,1.1,4.6,0.7,3.9,0.8,2.3,0.4,2.2,0.3
281629.5397,87326.36437,44228.64552,15678.93332,41809.40985,25371.52568,23161.12298,4974.546051,851.9033987,434.3,21.5,23,49.3,5.8,22.7,4.6,1.1,4.1,0.6,3.6,0.7,2.1,0.3,2.1,0.3
288267.1155,85473.98695,39409.3555,16040.75486,35663.06926,26929.42638,20587.66487,4794.743182,851.9033987,362.9,26.8,26.9,58.5,7.2,27.5,5.4,1.1,4.9,0.7,4.3,0.8,2.5,0.4,2.5,0.4
244655.4374,96535.32644,66537.29449,24724.47177,61463.40594,20623.63784,9795.743768,6293.100426,1161.686453,501.5,21.6,18.4,40.4,5,20.6,4.4,1.3,4,0.6,3.5,0.7,1.9,0.3,1.7,0.3
251293.0133,94735.87408,57831.48025,21890.20305,47383.99783,21736.42405,15440.74865,6532.837585,1084.240689,581.7,27.8,17.9,40.5,5.5,23.8,5.3,1.5,5,0.8,4.5,0.9,2.6,0.4,2.5,0.4
253162.753,89760.91756,53867.22556,30634.22356,46597.83799,25890.82592,17101.04421,5394.086079,1239.132216,505.7,24.3,10.2,26.5,3.5,15.6,3.9,1,3.9,0.6,3.9,0.8,2.3,0.4,2.2,0.3
349080.3987,70813.74275,10493.61537,1025.161025,6503.685977,28561.51283,31462.60075,1378.488665,619.5661082,103.1,21.9,25.3,51,5.7,19.8,3.6,0.7,3.3,0.5,3.1,0.6,1.9,0.3,2,0.3
283686.2533,82933.58362,45005.95036,18633.80921,41880.87893,17878.76517,16436.92598,4135.465994,1006.794926,688.5,19.1,21.9,44.9,5.2,20.5,4.1,1.1,3.7,0.5,3.1,0.6,1.8,0.3,1.7,0.3
345200.6889,71025.44302,10726.80682,1206.071794,5288.711674,33012.65769,31794.65986,1378.488665,464.6745811,114,21.2,25.7,50.8,5.8,19.9,3.6,0.7,3.2,0.5,3,0.6,1.8,0.3,2.1,0.3
312760.7054,83674.53459,32491.3424,1447.286152,21369.25392,26855.24063,32375.7633,4375.203153,232.3372906,260.9,25.7,28,58,6.9,26,5,1.2,4.4,0.6,3.6,0.7,1.9,0.3,1.8,0.3
286070.1714,92513.02117,36300.13613,12422.53947,35591.60018,31899.87147,20753.69442,5214.28321,619.5661082,691.5,11.5,27.7,56.1,6.5,24.9,4.4,1.3,3.5,0.4,2.2,0.4,1.1,0.2,1,0.1
288220.372,90713.56881,34123.68257,13990.43281,34948.37849,31677.31423,22580.01953,5394.086079,464.6745811,780.5,8.6,26.1,55.1,6.6,25.8,4.5,1.3,3.3,0.4,1.8,0.3,0.8,0.1,0.6,0.1
327064.2139,77641.07669,35289.63983,2231.232818,19153.71255,31232.19974,12535.23143,1318.554375,619.5661082,300,16,13,30,3.996838735,17,3.45,0.94,3.1,0.493965457,2.9,0.57,1.75,0.272385578,1.79,0.28
321922.4298,80340.25522,34512.33499,4040.340509,17366.98563,36276.83058,10791.9211,1018.882926,1161.686453,372,22,10,26,3.59253376,16,3.15,0.95,3.1,0.52625001,3.34,0.59,2.16,0.33088028,2.14,0.34
229977.9809,101086.8824,97474.0272,16281.96921,64965.39069,27151.98363,5146.916217,4375.203153,929.3491622,518,16,6,13,1.694735151,7,1.76,0.97,2.3,0.408929066,2.73,0.53,1.57,0.240081891,1.55,0.25
239420.1663,100663.4818,94908.92122,21648.9887,51600.67336,28932.44157,5811.034439,3596.057386,1084.240689,517,15,9,21,2.807940287,12,2.41,1.01,2.65,0.446545216,2.81,1.03,1.7,0.260855396,1.69,0.26
243112.9022,93148.122,92188.35428,22131.41741,52672.70951,27522.91236,4482.797996,4315.268864,1084.240689,460,14,6,15,2.15071696,10,2.7,0.95,2.9,0.465552396,2.76,0.14,1.63,0.252383948,1.65,0.26
255312.9536,90501.86853,82161.12181,12663.75383,56817.91595,26558.49764,5561.990106,3596.057386,1006.794926,580,13,7,17,2.403635312,11,2.8,0.95,2.82,0.445088798,2.58,0.21,1.54,0.2323967,1.48,0.23
270177.3841,89655.06742,67936.4432,14050.7364,45025.5183,25074.78269,11123.98021,5993.428977,774.4576352,290,28,9,21,2.909472016,13,3.5,1.25,4.24,0.744115435,4.9,0.26,3.07,0.46862401,3.02,0.46
285602.7365,84944.73625,40886.2347,13990.43281,40522.96647,36425.20208,10791.9211,3655.991676,464.6745811,750,6,9,22,2.680570141,10,1.76,0.59,0.85,0.130660998,0.73,0.139024695,0.34,0.046187849,0.26,0.04
257977.3327,99499.13032,51457.58055,18875.02357,48670.44121,42805.17637,4814.857106,4674.874602,619.5661082,792,5,3,8,1.214736865,6,0.92,0.51,0.86,0.14624283,0.93,0.173163567,0.41,0.061563024,0.39,0.06
269382.7447,101616.1331,45316.8723,15498.02255,46169.02353,36276.83058,10708.90632,4794.743182,619.5661082,776,6,8,20,2.732246976,12,1.75,0.69,1.5,0.221169098,1.16,0.217456707,0.52,0.08079278,0.53,0.09
260828.6857,85209.3616,42907.22729,30754.83074,53530.33843,45253.30604,581.1034439,5034.480341,851.9033987,68,25,7.8,18,2.580860352,12,3.191775072,0.95,3.317193509,0.594377055,4,0.870464939,2.5,0.373232725,2.35,0.359068323
265503.0349,85738.61229,32569.07289,29609.06253,31017.57927,27300.35512,41922.46274,4674.874602,851.9033987,248,19,11.3,23,2.857795182,11,2.832691388,0.8,2.828906073,0.513400675,3.5,0.729664634,2,0.28861413,1.75,0.267391304
243066.1587,81610.45689,61251.62156,44624.65637,39665.33755,41989.13315,1992.354665,7791.45767,1084.240689,75,26,5.3,15,2.049185232,9,2.771717627,1,3.596803323,0.663763039,4.6,0.988237805,2.8,0.400224379,2.4,0.366708075
285135.3016,92089.62061,34279.14354,19598.66665,35019.84757,37463.80254,8467.507325,4614.940312,542.1203446,205,19,9.4,21,2.807940287,12,2.99461699,0.8,2.801941304,0.503617477,3.4,0.701504573,1.9,0.288566188,1.85,0.282670807
236054.6349,84680.11091,67703.25175,34131.83176,57175.26134,29674.29904,7554.34477,9709.354943,1006.794926,220,34,12,27,3.871290529,18,4.820522288,1.45,4.980771323,0.877342585,5.8,1.257908537,3.6,0.519505435,3.15,0.481304348
245403.3333,79811.00453,67392.32981,40282.79791,67466.80838,22552.46727,7471.329993,7911.32625,1471.469507,186,31,5.3,14.5,2.163636169,10.5,3.277483472,1.2,4.175947186,0.745643018,5,0.998503049,2.6,0.411634705,2.75,0.420186335
294951.4349,91295.74457,25495.59882,13990.43281,37020.98171,32790.10044,11705.08366,3296.385937,464.6745811,326,16.5,11,19.5,2.592868591,11,2.701252667,0.7,2.296651215,0.384411905,2.4,0.505216463,1.4,0.211618401,1.35,0.206273292
274851.7333,90607.71867,35056.44838,24000.82869,53601.8075,26706.86914,9546.699435,4435.137443,619.5661082,270,24,12.3,23,3.111624503,13.5,3.500382835,1,3.381085166,0.585497456,3.8,0.762957317,2,0.311626553,2.05,0.313229814
244001.0286,82298.48279,71667.50644,34976.08202,61606.34409,23961.99648,996.1773324,10188.82926,1471.469507,200,34.5,11.6,27.5,3.959903049,18.5,5.046067682,1.56,5.374801802,0.949769527,6.3,1.313396341,3.6,0.501095497,2.91,0.44463354
240027.8317,80710.73071,67003.67739,42815.54867,72183.76744,25148.96844,2739.487664,9649.420653,1084.240689,209,31,10.4,23,3.263922096,15,4.216450634,1.36,4.579939783,0.789623966,5.1,1.07785061,3,0.443276786,2.76,0.421714286
250077.6825,80710.73071,71900.6979,30875.43792,55745.8798,37167.05955,1079.19211,11507.38364,619.5661082,188,38,11.6,28,4.028209223,18.8,5.318091189,1.73,5.69449956,0.956755043,6,1.280103659,3.6,0.544819099,3.48,0.531726708
246571.9206,80657.80564,78818.71099,32684.54561,58961.98825,29154.99881,1411.251221,11207.71219,1471.469507,161,37.5,11.1,25,3.598065831,16.8,4.83651352,1.61,5.627446846,1.009372313,6.8,1.368884146,3.6,0.53484705,3.35,0.511863354
251479.9873,79122.97863,77652.75373,32202.11689,52172.42597,23739.43924,2075.369442,13784.88665,851.9033987,163,42,14.1,32.5,4.663271138,21.7,5.984833515,1.88,6.398505153,1.115997006,7.3,1.526746951,4.2,0.601103649,3.61,0.551590062
311779.092,85209.3616,26894.74754,14171.34358,30731.70297,30416.15652,4565.812773,2996.714489,232.3372906,222,14,15,31,3.869468589,15,3.467249923,0.79,2.562658907,0.423214535,2.6,0.544474085,1.5,0.192489325,1,0.152795031
338890.3174,73195.37087,14302.4091,6754.002044,3859.33014,27003.61213,35530.32485,1678.160114,154.891527,98,19,21.5,41,5.03252862,19,3.917794249,0.64,2.290089628,0.420503738,2.9,0.611891768,1.7,0.250883346,1.56,0.238360248
307572.1778,83939.15994,27361.13044,13146.18255,10934.76873,36944.50231,23161.12298,3895.728835,387.2288176,146,23,20.2,41,5.03252862,19,4.246391051,0.89,3.094913765,0.552203305,3.7,0.803047256,2.3,0.347056095,2.21,0.337677019
325334.7047,79387.60398,21220.42219,8201.288197,6217.80967,37167.05955,26481.71409,3116.583068,387.2288176,118,19.5,20.6,41,4.930996891,18,4.018746089,0.84,2.815303951,0.482817321,3.1,0.66821189,1.9,0.284730784,1.8,0.275031056
239840.8578,84521.3357,54722.26089,47760.44303,55531.47257,25148.96844,8799.566436,6053.363267,1006.794926,680,14,13.6,31,3.98,17.7,3.9,1.2,3.3,0.5,2.82,0.5,1.412762676,0.21,1.29,0.18
235306.739,82668.95827,53323.11217,46614.67482,53959.15289,24332.92522,8965.595991,6053.363267,929.3491622,642,15,14.2,32.5,4.17,17.6,4.3,1.34,3.52,0.53,2.93,0.58,1.627144785,0.24,1.45,0.21
240822.4711,85262.28667,48737.0136,35337.90355,56317.63242,28561.51283,10376.84721,5813.626108,1006.794926,767,15,15.6,34,4.24,17,4.15,1.27,3.45,0.49,2.57,0.48,1.351069983,0.2,1.21,0.17
274359.2334,89391.38594,51411.34503,22756.53326,44515.01661,28220.95737,22232.04094,5350.298747,864.1922137,544.964675,21.71704863,22.81085602,49.13362928,6.196916074,24.18308712,4.900257127,1.0788909,4.299382979,0.634806037,3.687125289,0.72728248,2.002661902,0.301691967,1.998684421,0.2999021
257022.4042,93070.27557,61215.65165,29949.48303,57443.5728,28272.12209,11106.55638,5406.490631,1020.448529,718.6359577,17.11715339,15.25197668,32.93910082,4.345400947,18.11485264,3.86257862,1.121319684,3.469938223,0.50465952,2.96705339,0.596415796,1.625748923,0.242012187,1.6031304,0.240609799
252763.3821,91184.57488,65112.89487,34652.67736,63410.77469,25217.67535,8314.495417,5093.308046,1096.910003,733.8097969,15.17828393,11.42788256,25.21984307,3.443221818,14.94538963,3.31071299,1.022948798,3.04202146,0.448120764,2.658207398,0.533448418,1.460438017,0.21522646,1.440330806,0.216029544
249169.1694,95076.90147,65290.61392,32322.40634,63579.56261,26458.66878,8831.806736,5708.316772,1098.577124,787.64802,16.02647897,13.75111467,29.78629939,3.998705433,17.08303944,3.666304387,1.128107551,3.298437179,0.478617934,2.7799016,0.557167467,1.500899542,0.221600697,1.456628867,0.217643542
295661.0927,93266.66092,35980.85575,11079.92989,35404.07611,35996.77941,14999.98014,3528.731622,707.8542786,622.0102355,13.7212773,15.5240877,33.47495737,4.233657328,16.94072676,3.418632562,0.934865439,3.039322727,0.442471052,2.489788875,0.489624604,1.36299173,0.20345132,1.363388063,0.213207227
249190.7984,94119.29686,72712.53728,27962.69775,57797.5192,28057.13362,10354.09326,7415.073369,1090.587912,545.0925221,22.48204607,15.21291791,34.99431571,4.840746875,21.36094671,4.934839143,1.347037876,4.757122815,0.730316154,4.258175601,0.844428053,2.263219331,0.330924507,2.158116266,0.318312139
256833.4093,92221.23722,67683.00482,29110.73656,51426.96546,28859.06776,11629.06305,6402.590766,1014.648306,542.809479,17.67521535,15.90062871,35.07613861,4.627639851,19.4414901,4.205811881,1.23161499,3.91841302,0.585156436,3.339298267,0.650820297,1.749422413,0.257252723,1.661752847,0.249979827
239411.0285,96618.09648,79327.95278,33250.09957,62333.93153,26253.20191,7739.723634,6489.126111,1086.958083,570.3852392,17.33669403,14.43620812,31.84548258,4.163935439,17.87740921,3.96682607,1.230763734,3.762460552,0.559503159,3.285156165,0.63588304,1.704985784,0.245770746,1.607878621,0.236941888
244188.7147,100099.8354,76273.57326,22121.99441,62178.16834,28329.92867,8986.264396,7268.767229,1009.11589,608.7368163,18.424761,16.08569568,35.22535122,4.554222771,19.16637255,4.21101194,1.282308736,3.980937538,0.593528672,3.467045946,0.678201044,1.821586351,0.264292892,1.719958952,0.254633665
267398.0221,84497.22674,50513.90682,24262.60899,44260.05876,26921.6992,20302.11396,5141.961102,840.0874986,503.4400654,21.48042946,21.72043426,47.00713982,5.924118442,23.40046785,4.796095889,1.091881414,4.248585626,0.628612568,3.676073496,0.734414683,2.025440495,0.304406086,2.034040667,0.307806154
277681.8059,89950.15665,50334.55014,19404.70967,43360.76401,28453.95687,22081.47766,5433.481805,848.6953319,544.6101237,22.00882739,23.3210068,50.21829894,6.284544117,24.75247525,5.026044773,1.099341811,4.373622758,0.643564356,3.727782417,0.738995586,2.02851008,0.303391785,2.01399658,0.299415484
247955.3366,94168.9238,72796.17311,29848.74798,58502.66667,27596.13786,10126.10069,7069.076586,1093.017618,584.6805446,22.07702145,14.83008725,34.14849373,4.678708215,20.55796034,4.769851882,1.336714958,4.613438464,0.710312975,4.137922461,0.817254877,2.195448385,0.31454692,2.059846864,0.309888466
240276.5006,101259.8361,69660.31323,28063.00075,70511.97286,25176.32923,7760.124724,6942.336804,944.2877917,621.9336767,13.84880995,13.42849023,29.54920071,3.927815275,16.68596803,3.608952043,1.139819889,3.311889031,0.487534636,2.719396092,0.518152753,1.362451865,0.193492007,1.266575488,0.187150977
238678.6788,100221.0221,70996.45832,32277.3304,69769.39849,24140.48718,7489.726109,6622.506319,942.1052694,657.9218847,14.46788784,14.00260506,30.8249842,4.073229858,17.39796603,3.732289889,1.190072138,3.479377427,0.507198341,2.795707741,0.543899526,1.442657393,0.207171169,1.310212243,0.195037717
285463.9977,88503.81745,45706.28989,16969.27979,38348.2761,32548.11011,19676.11324,5319.539978,781.1127123,643.2243256,13.86776865,13.42434022,29.58214338,3.899740462,16.5992068,3.559576185,1.130682812,3.257908961,0.476634945,2.70309113,0.515713341,1.356293691,0.195898177,1.264682187,0.186806882
259753.5854,91507.44485,71201.12354,21950.50664,48241.62675,30119.41353,9380.66988,6053.363267,1471.469507,353,18.5,9.56,24.11,2.67,13.53,3.17,1.1,3.43,0.6,3.69,0.8,2.35,0.3616546,2.35,0.34
253022.5225,94047.84818,69646.51385,24181.73946,60248.43163,23739.43924,9214.640324,5933.494687,1548.91527,412,20.8,12.06,26.96,3.25,15.92,3.74,1.14,4.04,0.68,4.12,0.89,2.51,0.384743731,2.49,0.36
271719.9193,81980.93237,70501.54918,15015.59383,42166.75523,31603.12848,12535.23143,8810.340596,1781.252561,397,37.2,18.55,45.37,5.85,27.22,6.81,2.12,7.08,1.2,7.27,1.57,4.38,0.665624728,4.27,0.64
260361.2508,90660.64374,57909.21074,28825.11587,50385.69905,27671.28386,14693.61565,6892.443324,851.9033987,525,20.1,25.49,57.19,7.48,30.4,6.55,1.54,5.5,0.79,4.24,0.8,2.18,0.309411607,1.84,0.27
238532.04,103786.0609,73144.38564,18211.68408,66394.77223,25816.64017,9048.610769,8750.406307,1548.91527,490,25.2,15.05,32.43,4.44,20.81,4.96,1.61,5.23,0.82,4.89,1,2.91,0.427892023,2.65,0.41
267933.6965,94047.84818,66925.94691,12181.32512,16223.4804,41395.64717,31877.67464,6772.574744,929.3491622,589,22.4,21.85,50.03,6.67,28.39,6.14,1.66,5.68,0.82,4.67,0.9,2.54,0.376320225,2.35,0.36
351137.1124,71078.36809,11659.57263,1688.500511,5503.118904,28413.14133,37854.73863,1558.291534,309.7830541,78,20.9,21.02,45.07,5.67,20.32,3.98,0.51,3.47,0.57,3.52,0.75,2.29,0.368529561,2.5,0.39
268073.927,101563.208,49203.39651,24242.04305,38235.95602,32938.47194,11788.09843,4315.268864,1006.794926,929,16.3,25.66,55.84,7.24,27.41,5.3,1.57,4.37,0.64,3.5,0.68,1.8,0.27240955,1.74,0.25
266578.1352,106061.8389,48737.0136,10492.8246,49885.41551,35460.78736,9961.773324,4195.400284,1006.794926,517,22.8,14.32,27.83,4.07,17.09,4.03,1.3,3.94,0.61,3.7,0.79,2.3,0.353192741,2.29,0.35
243580.3371,99552.05539,67936.4432,25809.93638,63178.66378,26113.38316,10127.80288,6592.771875,1394.023743,485,20.2,9.11,22.9,3.42,15,4.13,1.31,4.26,0.65,3.84,0.79,2.19,0.327059259,2.06,0.3
242365.0063,106802.7899,59930.20333,32141.8133,62678.38024,24778.0397,7803.389104,4255.334574,1084.240689,735,11.5,7,17.64,2.28,9.85,2.51,0.91,2.45,0.37,2.2,0.44,1.29,0.191621564,1.2,0.18
303178.2895,93518.59748,29693.04497,8563.109735,25943.27483,41321.46142,14693.61565,2577.17446,851.9033987,573,14.1,18.57,41.22,5.45,20.71,4.06,1.12,3.15,0.44,2.56,0.51,1.47,0.229294818,1.51,0.24
246665.4076,85685.68723,94753.46026,25025.98972,47598.40506,30935.45675,4233.753663,8990.143466,1936.144088,534,31.5,9.69,25.37,3.72,18.97,4.93,1.46,5.57,0.93,5.75,1.22,3.59,0.531006852,3.31,0.51
239233.1924,103521.4356,69879.70531,28764.81228,75685.75219,22849.21026,4980.886662,5454.020369,1084.240689,494,20.8,8.1,18.7,2.65,11.3,2.45,1.04,3.08,0.53,3.08,0.64,1.94,0.29,1.8,0.27
245403.3333,100610.5568,69646.51385,28885.41946,65108.32885,24407.11096,5977.063994,5633.823238,1161.686453,522,17.7,12.3,27,3.42,15,3.63,1.23,3.56,0.59,3.34,0.66,1.87,0.29,1.86,0.28
247974.2254,96641.17657,69257.86143,27438.13331,63178.66378,25371.52568,5894.049217,5693.757528,1161.686453,540,19.5,11.4,26.7,3.6,14.4,3.49,1.21,3.39,0.56,3.31,0.68,2.02,0.29,1.89,0.28
243066.1587,94418.32366,76719.98792,29307.54459,66823.58669,24481.29671,5977.063994,5933.494687,1239.132216,464,22,9.6,22.1,3.04,13.3,2.73,1.14,3.37,0.58,3.44,0.7,2.03,0.31,2.02,0.29
237830.8876,93571.52255,67236.86884,44986.4779,62892.78747,24703.85395,6558.167438,5873.560398,1084.240689,478,19,9,23,3.365453825,16,2.93,0.88,2.94,0.49853013,3.16,0.68,1.76,0.266253727,1.7,0.27
245683.7943,102198.3089,61718.00447,30212.09843,67180.93207,26410.12615,5811.034439,6293.100426,1099.729842,575,18.43,9.66,22.65,3.204,14.57,3.772,1.247,3.707,0.591,3.64,0.729,2.014,0.288,1.744,0.274
242131.2889,99340.35511,63816.72754,34734.86766,67109.46299,25297.33994,5561.990106,6053.363267,1115.218995,554,17.82,9.36,21.74,3.048,13.67,3.572,1.19,3.606,0.576,3.52,0.707,1.912,0.275,1.715,0.275
241476.88,95265.12477,68247.36514,34674.56407,63321.60193,26855.24063,6724.196994,6832.509034,1084.240689,480,20,10,24,3.542678865,17,3.6,1.09,3.55,0.609623504,3.92,0.78,2,0.300120342,1.9,0.3
244374.9765,106749.8648,50991.19764,21226.86357,69539.4116,27522.91236,5561.990106,6353.034716,1084.240689,518,18,10,25,3.41530872,15,3.37,1.19,3.2,0.549995159,3.54,0.71,1.95,0.29932929,1.94,0.3
244001.0286,103203.8852,52001.69394,25870.23997,64393.63808,29748.48479,6060.078772,6592.771875,1006.794926,490,19,10,25,3.516840448,16,3.29,1.09,3.42,0.586825949,3.77,0.75,1.99,0.310087597,2.04,0.3
243533.5936,103203.8852,56510.06202,22312.32818,67180.93207,28116.39834,5977.063994,6652.706165,1084.240689,525,19,10,24,3.339615408,15,3.22,1.1,3.44,0.569562783,3.51,0.73,1.95,0.296260967,1.9,0.29
245169.6159,97487.97768,61329.35204,34252.43894,66037.42684,25445.71143,6724.196994,6113.297557,1068.751537,586,16.73,10.93,24.74,3.373,14.9,3.637,1.195,3.52,0.547,3.332,0.667,1.782,0.25,1.575,0.248
243346.6197,101033.9573,61718.00447,31659.38458,67752.68468,25371.52568,5811.034439,6053.363267,1084.240689,557,18.34,9.7,22.7,3.191,14.36,3.553,1.22,3.56,0.587,3.602,0.721,1.965,0.278,1.747,0.275
240635.4971,104209.4615,63039.4227,29488.45535,64893.92162,27819.65535,6724.196994,6293.100426,1471.469507,485,17,8,20,2.935310433,14,2.96,0.97,3.02,0.505786412,3.16,0.68,1.79,0.273171836,1.76,0.28
243533.5936,106432.3144,52545.80733,20925.34562,71540.54575,27893.8411,5478.975328,6592.771875,1006.794926,500,19,9,23,3.263922096,15,3.16,1.09,3.48,0.587131981,3.7,0.74,1.95,0.302397613,1.98,0.29
246945.8686,104368.2367,62184.38737,21468.07793,66108.89592,28042.2126,5894.049217,6652.706165,1122.963571,552,20.87,9.29,22.19,3.165,14.62,3.871,1.316,3.962,0.664,4.032,0.837,2.252,0.328,2.056,0.325
251246.2698,107014.4902,53867.22556,22493.23895,62964.25655,27745.46961,6890.226549,5573.888949,952.5828913,587,17.52,10.27,23.46,3.207,14.11,3.479,1.214,3.432,0.549,3.41,0.687,1.921,0.272,1.7,0.282
284013.4578,86479.56326,56820.98396,13206.48614,36949.51264,36870.31656,12618.24621,6353.034716,1200.409335,433,26.32,18.65,41.39,5.454,23.19,5.39,1.558,5.12,0.818,4.941,1.022,2.753,0.411,2.503,0.403
254004.1359,91295.74457,73299.84661,22855.06049,56103.22519,31232.19974,7388.315215,8450.734858,1355.300862,472,26.48,11.84,28.32,4.069,18.45,4.816,1.597,5.178,0.84,5.163,1.077,2.897,0.423,2.605,0.408
263633.2952,89549.21729,69724.24434,17608.64819,49099.25567,33309.40068,9961.773324,8450.734858,1347.556285,446,29.41,15.23,35.6,4.938,22.16,5.642,1.783,5.65,0.929,5.719,1.174,3.12,0.448,2.869,0.457
246852.3816,106114.764,60629.77769,22493.23895,67824.15376,27300.35512,5811.034439,6412.969006,1084.240689,552,19.99,9.03,21.33,3.079,14.13,3.67,1.275,3.81,0.615,3.801,0.785,2.108,0.302,1.882,0.304
284434.1492,88596.56604,53400.84265,12543.14665,35948.94556,38057.28852,12286.1871,6113.297557,1308.833403,416,33.22,18.04,42.24,5.874,26,6.373,1.85,6.332,1.013,6.295,1.303,3.595,0.525,3.302,0.542
248254.6863,99604.98046,59308.35945,33528.79586,66251.83407,25074.78269,6060.078772,5573.888949,1030.028655,560,16.3,9.83,22.68,3.138,13.71,3.383,1.144,3.28,0.518,3.197,0.649,1.719,0.244,1.542,0.241
257650.1282,88914.11645,71045.66257,21045.9528,52100.95689,31899.87147,8218.462992,8330.866278,1316.57798,465,26.04,12.74,30.09,4.237,19.21,4.853,1.575,5.076,0.827,5.089,1.038,2.838,0.407,2.479,0.401
245917.5117,108496.3921,55344.10476,21528.38152,69253.53529,26855.24063,6143.09355,5813.626108,991.3057731,581,17.64,9.88,22.33,3.107,13.53,3.377,1.197,3.396,0.554,3.401,0.696,1.859,0.272,1.685,0.264
256575.0279,89072.89166,77575.02324,20503.22049,52744.17858,32344.98596,7222.28566,8151.063409,1394.023743,469,25.12,10.97,25.49,3.642,16.54,4.325,1.552,4.58,0.777,4.805,1.018,2.783,0.394,2.428,0.391
250311.4,103627.2857,60707.50817,18935.32716,64608.04531,28858.25582,6641.182216,6892.443324,1091.985266,543,22.34,10.26,24.42,3.498,15.65,4.008,1.383,4.255,0.693,4.25,0.867,2.382,0.344,2.171,0.344
281068.6178,91348.66964,52390.34636,13568.30768,38950.64678,33828.70091,14610.60087,5394.086079,1153.941876,396,29.32,16.64,36.97,4.935,21.2,5.102,1.557,5.224,0.882,5.422,1.165,3.129,0.468,2.959,0.479
243206.3892,99763.75566,59152.89849,37448.52919,64822.45254,26484.3119,7139.270882,5334.15179,999.0503494,930,14.15,10.13,23.27,3.231,14.18,3.44,1.212,3.142,0.481,2.862,0.569,1.481,0.208,1.265,0.196
276768.2165,95265.12477,50913.46716,12422.53947,42023.81708,35386.60161,12618.24621,6113.297557,1177.175606,450,32.24,17.12,37.29,5.205,22.62,5.723,1.738,5.845,0.956,5.997,1.235,3.417,0.497,3.059,0.484
286444.1193,88384.86576,55188.64379,12000.41435,35234.2548,38205.66002,12037.14277,5993.428977,1277.855098,408,31.29,18.09,40.85,5.6,23.95,5.834,1.756,5.745,0.954,5.971,1.212,3.412,0.5,3.113,0.503
272748.2762,93518.59748,55577.29621,14774.37947,43667.60584,34422.18689,12452.21665,6233.166136,1223.643064,444,30.03,15.51,35.4,4.816,21.22,5.397,1.687,5.429,0.902,5.619,1.175,3.224,0.476,2.893,0.458
253302.9835,89866.7677,73455.30758,22855.06049,55460.0035,31158.014,7471.329993,8570.603437,1363.045438,469,26.87,11.94,28.27,4.121,18.54,4.777,1.605,4.988,0.826,5.305,1.073,2.877,0.421,2.622,0.412
279198.8781,91454.51978,52623.53781,14291.95075,39808.2757,33383.58642,14278.54176,5513.954659,1177.175606,399,29.02,16.13,36.04,4.798,20.71,5.182,1.537,5.244,0.85,5.417,1.127,3.114,0.46,2.888,0.477
259519.8679,91084.0443,68946.9395,17789.55896,46526.36891,34051.25815,10957.95066,8450.734858,1339.811709,469,32.02,16.12,36.93,5.158,22.85,5.768,1.8,5.998,0.965,6.119,1.262,3.473,0.497,3.075,0.484
268634.8489,91719.14513,61484.81301,16462.87998,43596.13677,35534.97311,11871.11321,7791.45767,1308.833403,467,32.56,17.15,38.82,5.335,23.44,5.904,1.812,5.974,0.974,6.055,1.245,3.415,0.505,3.085,0.499
248768.8647,95900.2256,67392.32981,25206.90049,58247.29749,29006.62732,8550.522103,7311.983352,1200.409335,499,24.43,13.54,31.05,4.26,18.8,4.687,1.475,4.708,0.768,4.611,0.961,2.577,0.376,2.337,0.371
259519.8679,94947.57436,60163.39478,24000.82869,50528.63721,29377.55605,12203.17232,6952.377613,999.0503494,568,21.41,19.64,42.98,5.598,23.14,5.069,1.488,4.747,0.732,4.255,0.836,2.18,0.317,1.964,0.314
256762.0019,94047.84818,59463.82042,27619.04407,55245.59627,28042.2126,10791.9211,6353.034716,1022.284078,548,20.19,18.25,39.47,5.104,21.08,4.716,1.456,4.271,0.668,4.007,0.814,2.146,0.302,1.805,0.282
269943.6666,90925.26909,62650.77028,16161.36203,42381.16246,34273.8154,12286.1871,6772.574744,1208.153911,467,25.9,15.41,34.12,4.567,19.62,4.886,1.572,4.938,0.818,4.927,1.018,2.736,0.392,2.428,0.398
244795.6679,97382.12754,64594.03238,30935.74151,63607.47824,25445.71143,7388.315215,6592.771875,1084.240689,534,18.55,10.84,23.95,3.29,14.15,3.664,1.212,3.687,0.594,3.61,0.742,1.987,0.282,1.741,0.269
244328.233,98493.554,65915.45061,32443.33125,62892.78747,26039.19741,6807.211771,6353.034716,1099.729842,535,19.44,12.17,26.27,3.733,16.02,3.992,1.284,3.879,0.618,3.834,0.782,2.097,0.299,1.856,0.285
252274.6266,98440.62893,62339.84834,24664.16818,58604.64287,27151.98363,9546.699435,6652.706165,1061.00696,516,21.43,13.67,30.13,4.043,17.32,4.23,1.345,4.251,0.676,4.183,0.843,2.24,0.315,1.968,0.317
301448.7803,88014.39027,34978.7179,7357.037941,26229.15114,35980.08759,21666.85698,3895.728835,844.1588224,384,25.36,28.36,57.04,7.07,27.44,5.505,1.414,4.998,0.77,4.636,0.929,2.576,0.387,2.479,0.409
281162.1047,89813.84263,50991.19764,14412.55793,38164.48694,32715.9147,15606.77821,5933.494687,1084.240689,425,27.7,19.52,43.19,5.715,23.86,5.483,1.579,5.418,0.873,5.28,1.067,2.849,0.415,2.622,0.434
281395.8222,89866.7677,53323.11217,14472.86152,38307.42509,33012.65769,15689.79298,5933.494687,1084.240689,426,27.25,18.99,42.21,5.502,23.25,5.506,1.545,5.274,0.855,5.31,1.061,2.907,0.426,2.615,0.406
260828.6857,93783.22283,66925.94691,22553.54254,47383.99783,29377.55605,11788.09843,6892.443324,1091.985266,507,25.53,15.92,35.09,4.929,21.01,5.054,1.468,4.951,0.796,4.899,0.996,2.731,0.392,2.403,0.388
292315.1019,92375.41599,45938.71617,11777.29106,35298.57697,35616.57743,16279.19791,4792.34581,1075.721655,437.1757914,26.44922478,19.63909289,42.6918642,5.279808187,21.92839373,5.019242612,1.346948665,4.780477613,0.770504351,4.433408838,0.938721041,2.658249191,0.335448829,2.610502225,0.396214463
247731.1592,99964.87093,60629.77769,33975.04243,67295.28259,25438.29286,6533.263005,6024.594808,1096.632011,597.8611975,16.84823427,10.20924185,24.06594,3.061527069,13.65758813,3.329434548,1.069092796,3.206765375,0.511102059,2.923572071,0.615283638,1.692059944,0.237,1.558702752,0.233160664
264096.0558,90692.39878,63661.26657,21564.56367,47827.10611,27849.32965,12560.13587,6979.947387,1171.754402,400.8255381,30.83335619,16.09555777,36.69570445,4.896138057,21.69906992,5.353316089,1.386964368,5.409948106,0.883711816,5.213151334,1.115904409,3.13210411,0.441,2.915678118,0.444537136
272054.2203,86763.9755,57831.48025,15203.75509,40872.80617,33797.89848,15087.70458,6356.85292,1119.993758,445.5659103,26.29942312,17.91899346,40.14290726,5.026872881,21.37761747,4.96215676,1.401019517,4.761428974,0.775273515,4.485609782,0.946939325,2.644814541,0.356529503,2.582194,0.390334109
249647.6424,98218.34364,66381.83352,25713.45064,61198.97035,27841.91108,7288.697482,7075.84225,1188.79247,523.0516216,21.99947333,11.59773219,26.30378653,3.527774176,15.86254166,3.939455494,1.274114225,4.018898405,0.654856856,3.792985815,0.806873979,2.234237023,0.312,2.04217178,0.308295814
249138.1383,96053.7083,56898.71444,36332.91278,62764.14313,23694.92779,8376.19107,5089.020544,1033.126485,496.6726668,16.15803815,10.68312585,23.72421384,2.952662491,12.75443295,3.056781616,0.968849985,3.045508598,0.480024155,2.815217662,0.597061152,1.635673874,0.20141203,1.495352586,0.233640124
280573.1367,92597.70128,53556.30362,14635.68122,40515.81956,33776.77089,14154.0196,5567.296177,1175.62669,390.2659803,29.5423334,15.8720763,35.49926969,4.533835134,19.65072678,4.817726033,1.407510113,4.927801815,0.818264112,4.856768326,1.049422821,2.999421005,0.428,3.000608305,0.457465448
249390.5532,101330.3377,60552.0472,28903.51053,63521.71534,27122.30933,6715.895516,6308.083998,1095.083096,521.7987392,20.63288212,9.779090495,23.70093736,3.138483985,14.25744076,3.591478518,1.144630668,3.630151609,0.594774777,3.500658669,0.751476085,2.094690309,0.297,1.969861095,0.299634406
252747.722,92067.36589,76020.41356,21982.71684,56031.30422,26476.13322,8007.199506,8673.074171,1444.283225,472.1464887,26.95214882,11.22029695,27.67901799,3.767052805,17.51001975,4.568520005,1.444092064,4.728240169,0.783657742,4.603552617,0.991686114,2.75663088,0.358146454,2.698905357,0.397028356
284752.0049,89120.52422,52390.34636,12458.72163,35577.30637,38175.98572,12211.4738,6070.144868,1318.126895,408.0140137,33.73608619,17.9531329,41.66655752,5.497969592,24.42524035,5.976875084,1.68931648,5.90619073,0.964419719,5.698037132,1.229806479,3.456030755,0.516,3.485769967,0.521918776
246169.9266,106538.1645,59619.28139,21974.62808,67402.48621,27174.23935,5918.95365,6418.363092,1069.525994,541.6692558,20.05546739,8.812201077,21.43060289,2.887951814,13.3225469,3.470961325,1.14875056,3.578182882,0.593320793,3.519850625,0.74217128,2.05691588,0.301,1.948030705,0.294673912
291076.3994,86098.50277,48348.36118,10287.7924,31553.59735,38465.31014,13863.46788,5393.486737,1168.656572,394.478071,27.34767148,20.15886019,44.28757441,5.532784174,23.34070314,5.252045664,1.46758516,4.931705898,0.782242079,4.509839808,0.967599295,2.728519653,0.405,2.795088888,0.41973215
287912.3586,85584.60098,50758.00619,9097.406975,31524.96488,35613.20325,14407.55426,5701.327235,1204.122232,407.8144388,26.93623027,19.3410631,43.27427402,5.408260338,22.86900513,5.143515207,1.434121839,4.823087573,0.772710092,4.489366741,0.957118573,2.715999789,0.378652465,2.731265164,0.417785566
253817.1619,92296.02838,63117.15318,30706.58787,57632.66343,27500.65664,10094.59697,7390.497272,1094.308639,503.1429897,22.87382547,15.57452701,35.46247172,4.519862115,19.58995227,4.582238766,1.32177529,4.40835998,0.693193951,3.983415382,0.83167376,2.31219678,0.338,2.126032327,0.317150247
293479.6188,86804.84466,50835.73668,9418.441674,31841.98018,33089.23947,15467.04009,5401.067693,1229.973418,399.2781314,26.57587694,19.37615958,43.1200882,5.405238708,22.81280667,5.183869834,1.440254507,4.831901565,0.768425401,4.48849981,0.953955198,2.705618717,0.345895677,2.749863142,0.419148579
249063.3487,92608.28629,62961.69221,40789.34806,62556.88281,25141.54987,6931.733938,6146.860759,1085.789605,501.6401616,18.01101313,11.50771966,26.71052673,3.412150862,15.05803386,3.547958305,1.101667765,3.45497239,0.544895188,3.139908709,0.662314619,1.809346577,0.259,1.691733339,0.257202952
244342.256,96784.07426,65371.33722,32847.3653,64951.09688,26454.6376,6574.770394,6889.446609,1208.928369,524.3704704,21.74968863,10.73061428,25.80371449,3.407682246,15.54832574,3.880444201,1.229245678,3.934037571,0.642278685,3.734020923,0.797269184,2.20197037,0.274873603,1.997114615,0.311843242
243677.2363,102530.864,63272.61415,30667.71746,67034.82864,23382.27318,6159.276807,6419.731847,1131.978568,567.5083294,18.67347006,9.14797288,22.32748933,2.973672531,13.52345416,3.381141049,1.10856457,3.404372066,0.547922083,3.232707078,0.68429716,1.906551431,0.24327324,1.756758494,0.271160394
254191.1098,92915.25169,65915.45061,24609.89495,57153.82061,28813.74437,9463.684658,7929.90588,1193.439216,491.9485121,27.39227742,14.88607317,34.79150693,4.579995175,20.44284522,5.054373576,1.427811824,5.067205598,0.807134794,4.715469396,0.999025676,2.801138943,0.350290301,2.656217901,0.401080666
242669.1093,104111.7536,66848.21642,28115.07788,68397.69281,23445.71938,6232.580907,6482.285367,1117.652286,589.0985851,18.52118861,8.860002767,21.55367716,2.878441101,13.22049493,3.301657277,1.096616842,3.339213519,0.534046457,3.159081575,0.674574821,1.862094656,0.237928997,1.777777571,0.262863836
249025.954,95921.39563,63350.34463,33806.19238,63164.36996,25890.82592,7645.661026,6547.821157,1132.257063,497.1469413,21.12597971,11.86366941,28.02409888,3.622571914,16.08024253,3.942875026,1.163076689,3.875356883,0.63013637,3.675177605,0.775666948,2.151060629,0.241545886,1.99693082,0.304571011
261525.1637,88363.69573,67936.4432,17861.92326,48641.85358,32508.1946,9920.265935,8543.033664,1296.442081,564.5574376,29.14786632,14.6891931,34.70592692,4.61774934,20.99018254,5.278949243,1.583927416,5.286226063,0.862862645,5.078183948,1.075082939,3.010536046,0.425,2.825132366,0.432882108
256975.8762,88268.97468,76253.60501,18080.30323,49804.27759,30407.5796,10107.28491,9576.070438,1450.196217,445.9667176,28.66930652,13.97191959,33.17061693,4.410672794,20.34477921,5.138182169,1.567372901,5.227155752,0.845750879,5.014216473,1.069958911,2.973126866,0.377284191,2.799034812,0.424633115
261903.786,88099.07039,73066.65516,19701.18275,49249.34073,33398.42357,9488.589091,9014.716524,1397.121574,425.4054195,29.51450533,14.13532526,33.91762231,4.541144097,20.74875782,5.28996851,1.595443789,5.308512645,0.863253807,5.064905322,1.07522228,2.995111808,0.434,2.926672372,0.429856268
278374.6844,83104.2187,60318.85575,10813.7148,34276.94772,35578.98998,14208.56234,7896.569367,1310.408712,383.7604211,35.26532943,19.5711349,45.41201394,5.92613986,26.33157448,6.462904961,1.77184593,6.363375988,1.029658606,6.040968127,1.289895277,3.572064586,0.443126216,3.47164417,0.523280841
232876.0774,81980.93237,65138.14577,73811.59377,65251.267,16172.49298,3901.694552,4614.940312,1161.686453,438,17,6.7,15,2.3,11,2.8,0.9,3,0.5,3.1,0.6,1.8,0.3,1.7,0.3
323464.9651,82721.88334,19743.54299,5427.323071,19725.46516,33828.70091,24904.43331,2816.911619,542.1203446,326,13,28,56,6.2,23,3.9,0.9,3.3,0.490093966,2.6,0.46,1.3,0.18,1.3,0.21
271860.1498,96482.40137,46327.36859,16643.79075,48027.21952,27893.8411,16935.01465,5633.823238,697.0118717,523,15,20,42,5.1,21,4.3,1.2,3.9,0.581203068,3.1,0.57,1.6,0.22,1.3,0.2
273028.7371,95000.49942,47182.40392,16643.79075,47383.99783,28116.39834,16685.97032,5633.823238,697.0118717,518,15,21,44,5.1,22,4.4,1.2,4,0.62,3.1,0.58,1.5,0.22,1.4,0.21
343190.7187,77270.6012,9094.466653,2231.232818,9934.201657,34273.8154,28723.11308,1378.488665,542.1203446,241,12,30,60,6.1,23,3.8,0.8,2.9,0.431800364,2.3,0.45,1.2,0.18,1.3,0.19
274197.3244,96376.55123,44461.83697,16704.09434,46812.24522,27151.98363,17599.13287,5274.2175,697.0118717,539,15,21,43,5.1,21,4.6,1.2,3.8,0.564795318,3,0.55,1.5,0.215501747,1.3,0.21
291492.4165,92671.79637,35833.75322,9467.66358,35234.2548,29896.85629,23659.21164,5034.480341,619.5661082,468,17,25,51,6,25,4.9,1.3,4.3,0.72,3.4,0.6,1.7,0.253951669,1.6,0.24
267139.0571,98864.02949,46560.56004,17307.13024,52458.30228,26855.24063,16187.88165,5753.691818,697.0118717,554,15,19,40,4.9,20,4.2,1.2,3.8,0.61,3,0.58,1.5,0.21,1.3,0.2
277375.8819,91930.8454,43529.07116,20804.73844,45168.45645,26484.3119,17931.19198,4674.874602,774.4576352,537,16,23,48,5.5,23,4.4,1.2,3.7,0.563062365,3.1,0.59,1.7,0.25,1.5,0.24
342910.2578,76953.05079,8705.814232,1326.678973,11792.39765,34718.92988,28889.14264,1378.488665,309.7830541,248,12,30,58,6.1,22,3.8,0.8,2.8,0.415392613,2.2,0.42,1.2,0.18,1.3,0.2
267092.3136,94365.39859,48581.55263,17367.43383,48456.03398,28413.14133,16851.99987,6113.297557,774.4576352,502,18,22,48,5.6,23,4.8,1.4,4.4,0.670579217,3.7,0.66,1.9,0.28,1.7,0.24
271813.4063,93201.04707,45627.79423,20684.13126,45740.20907,27448.72662,16602.95554,5214.28321,774.4576352,493,15,21,45,5.2,21,4.4,1.2,3.8,0.59,3.2,0.57,1.6,0.21,1.3,0.19
241289.906,93253.97214,70812.47112,43840.7097,69110.59714,20846.19508,5645.004883,5034.480341,1161.686453,584,17.1,10.3,24.3,3.32,14.8,3.47,1.12,3.44,0.533,3.24,0.652,1.82,0.269,1.77,0.267
243767.3111,91295.74457,68791.47853,41549.17329,66752.11761,23961.99648,5561.990106,6466.909866,1177.175606,682,17,15.8,34.1,4.53,19.4,4.3,1.3,3.8,0.5,3.1,0.6,1.9,0.28,1.7,0.25
232782.5905,89813.84263,64205.37996,38775.20817,63464.54008,22107.35279,5811.034439,6568.798159,1122.963571,758,17,12.5,27.9,3.88,16.9,3.5,1.15,3.4,0.5,2.9,0.6,1.8,0.25,1.6,0.25
238298.3225,102039.5336,67703.25175,32021.20612,63536.00916,24926.4112,5478.975328,6886.449895,1378.534591,720,19,13.4,31.1,4.11,17.9,4,1.21,3.6,0.5,3.3,0.7,2,0.29,1.9,0.28
234184.8952,103362.6604,69646.51385,33227.27792,61177.52963,24332.92522,5478.975328,7012.311903,1277.855098,695,18,14.6,32.2,4.39,19.2,4.1,1.26,3.9,0.6,3.4,0.7,2,0.29,1.8,0.28
237503.6832,94259.54845,70734.74063,32744.8492,59319.33364,25223.15419,5561.990106,5172.329207,1494.703236,725,21,14.1,32.5,4.3,18.6,4.2,1.32,3.9,0.6,3.3,0.7,2.1,0.3,1.8,0.28
235213.252,95106.34956,72056.15887,31960.90253,58533.17379,24926.4112,5478.975328,5160.342349,1316.57798,717,18,13.6,31.3,4.15,18.4,4.2,1.25,3.8,0.6,3.4,0.7,2,0.3,1.8,0.28
242458.4933,95635.60026,64205.37996,29609.06253,61892.2204,23442.69624,5312.945773,6496.877011,1192.664758,694,18,12.5,30.9,4.01,17.2,3.8,1.3,3.4,0.6,3.6,0.7,2,0.29,1.8,0.29
238111.3486,95423.89998,64283.11044,30573.91997,59962.55533,22775.02452,4980.886662,6706.647025,1177.175606,667,18,12.8,30.5,4.15,17.3,3.8,1.37,3.4,0.6,3.8,0.7,2.1,0.3,2,0.31
239186.4489,98017.22838,64982.6848,29186.93741,58890.51918,22997.58176,5312.945773,6760.587886,1223.643064,673,19,13.1,31.5,4.11,17.2,3.8,1.36,3.3,0.6,3.5,0.7,2,0.29,2,0.32
234558.8432,91983.77047,68091.90417,48664.99687,59319.33364,23516.88199,5478.975328,6586.778446,1262.365945,789,16,12.5,29,3.88,16.7,3.9,1.25,3.6,0.6,3.2,0.7,1.9,0.28,1.8,0.28
232782.5905,94841.72422,69491.05289,48785.60405,59891.08625,23516.88199,5229.930995,6790.555031,1254.621369,794,16,12.2,29,3.71,16.3,3.9,1.28,3.6,0.5,3.2,0.6,1.8,0.26,1.7,0.27
240635.4971,87379.28944,63428.07512,49871.06867,57604.0758,23442.69624,5645.004883,6119.290986,1138.452724,739,16,11.3,26.5,3.56,14.9,3.4,1.24,2.9,0.5,3,0.6,1.7,0.25,1.7,0.27
241523.6235,96429.4763,64594.03238,29548.75894,63321.60193,23887.81073,5645.004883,6610.752162,1463.724931,720,18,13,31.6,4.09,17,3.9,1.34,3.3,0.6,3.5,0.7,2.1,0.31,2,0.32
240775.7276,98546.47907,64594.03238,29488.45535,62249.56578,23813.62498,5645.004883,6730.620741,1394.023743,710,18,12.6,30.8,3.86,17,3.7,1.25,3.2,0.6,3.4,0.7,2,0.29,1.9,0.3
246852.3816,87590.98972,65060.41529,40825.53022,60105.49348,23145.95325,5894.049217,6424.955863,1161.686453,752,16,12.5,30.2,3.99,17.1,3.8,1.29,3.2,0.6,3.4,0.7,1.9,0.28,1.8,0.3
234932.7911,92513.02117,66925.94691,41006.44098,62035.15855,24481.29671,6226.108327,6688.666738,1153.941876,798,17,14.4,31.5,4.14,17.6,3.9,1.2,3.8,0.6,3.2,0.6,1.8,0.26,1.7,0.28
233156.5384,92618.87131,65915.45061,40463.70868,63750.41639,23887.81073,5645.004883,6640.719307,1153.941876,779,18,16.3,35.1,4.65,19.3,4.3,1.25,3.9,0.6,3.5,0.7,2,0.28,1.9,0.32
234839.3041,92618.87131,67470.0603,38172.17227,62821.31839,24778.0397,6807.211771,6856.48275,1161.686453,753,17,17.7,39,5.03,21,4.6,1.41,4.3,0.7,3.7,0.7,2,0.29,1.9,0.31
239840.8578,92354.24596,70890.2016,44926.17431,63178.66378,24703.85395,6226.108327,6772.574744,1208.153911,773,18,14.4,31.7,4.24,18,4,1.26,4,0.6,3.4,0.7,1.9,0.26,1.7,0.28
237363.4527,92936.42172,68402.82611,42574.33432,62321.03486,25000.59694,6641.182216,6832.509034,1192.664758,773,18,17.6,37.1,4.71,20,4.4,1.3,3.9,0.6,3.4,0.7,2,0.29,1.9,0.33
234138.1517,102251.2339,80528.78164,34373.04612,62321.03486,25297.33994,5645.004883,7311.983352,1239.132216,699,21.5,13.8,31.1,4.45,20,4.43,1.41,4.23,0.639,3.84,0.778,2.13,0.317,2.08,0.314
261267.5963,89950.34443,67076.8281,23548.46392,49816.07501,29569.82899,15368.75234,7154.667966,1096.876709,530.3155369,27.74354597,21.60775806,49.18822661,6.627058629,28.35508629,6.313134597,1.439044398,5.872672221,0.881229605,5.112477097,1.015156935,2.784750782,0.413401258,2.7172775,0.411158944
252389.8596,93486.73268,67549.28033,33287.54242,53638.72485,27650.96941,10762.35825,6252.513722,1019.725038,622.5877143,18.62658722,16.04506433,35.47825111,4.896200809,21.1656575,4.613183421,1.296023465,4.261315096,0.617382216,3.458876789,0.669133967,1.807551194,0.259163065,1.692241824,0.249661767
237905.4407,100361.8491,72412.67816,32447.64751,68947.22951,24352.49658,8083.555121,6317.422504,1166.176232,834.5574977,18.81414183,12.92006484,28.87923285,4.00045212,17.93225921,4.171014032,1.27313877,3.988478243,0.602199842,3.554665305,0.709963959,1.929675451,0.282977718,1.842456291,0.274837263
245777.2813,96641.17657,82083.39133,24724.47177,55460.0035,28413.14133,4565.812773,6592.771875,1471.469507,452.2,18.3,6.8,16.1,2.35,11.5,3.04,1.13,3.43,0.57,3.27,0.68,2.1,0.29,2.15,0.33
249002.5822,95476.82505,78818.71099,22915.36408,53244.46212,27968.02685,5312.945773,6293.100426,1471.469507,447.5,20.1,7.7,19.6,2.59,12.1,3.06,1.14,3.51,0.58,3.77,0.84,2.29,0.31,2.13,0.34
240214.8057,97858.45317,82005.66084,27860.25843,57246.73041,26484.3119,3901.694552,6892.443324,1316.57798,424.2,15.1,5.6,13.5,1.96,11.4,2.49,0.98,3.11,0.49,2.82,0.6,2.14,0.29,1.78,0.27
262745.1689,97805.5281,67547.79078,17367.43383,47026.65245,31974.05722,6309.123105,4435.137443,1471.469507,502,19.4,10,23.9,3.2,13.6,3.6,1.19,3.9,0.61,3.39,0.7,2.29,0.32,2.45,0.36
256762.0019,98493.554,73843.96,18091.0769,47241.05968,31306.38549,5977.063994,4614.940312,1471.469507,468,18.7,10.2,22.7,2.95,14.3,3.49,1.17,3.39,0.59,3.47,0.72,2.15,0.34,2.07,0.34
260221.0203,95635.60026,69957.43579,18573.50562,48456.03398,30935.45675,6143.09355,4674.874602,1471.469507,495.4,20.6,9.7,22.8,3.12,16.5,3.63,1.17,4.09,0.59,3.86,0.77,2.13,0.33,2.25,0.36
240822.4711,98123.07851,84570.76682,26774.79382,57032.32318,27300.35512,3901.694552,6472.903295,1394.023743,459,16.6,6,13.5,1.89,10.9,2.92,0.99,2.89,0.49,3.71,0.65,1.99,0.29,1.76,0.3
238999.4749,76053.32461,93742.96396,26654.18664,56389.10149,26706.86914,7056.256104,14384.22955,1936.144088,393.6,37.8,18.5,46,6.67,32.7,7.7,2.51,9.25,1.27,6.88,1.44,4.36,0.57,4.01,0.5
242224.7759,99763.75566,79285.0939,26774.79382,52887.11674,26632.68339,4482.797996,6592.771875,1394.023743,481.2,17.7,6,16.5,2.55,13.2,3.6,1.11,3.49,0.5,3.83,0.66,2.17,0.26,2.02,0.28
237971.1181,101880.7584,80528.78164,26774.79382,51672.14243,25816.64017,4233.753663,6712.640454,1471.469507,456.1,21.3,6,15.6,2.57,11.9,3.16,1.07,3.78,0.58,3.97,0.69,2.12,0.27,1.98,0.27
240728.9841,98493.554,78041.40615,29066.33023,60605.77702,25965.01166,4482.797996,6532.837585,1394.023743,467.3,18.8,5.9,16.7,2.47,11.9,3.02,1.12,3.52,0.52,3.65,0.7,1.8,0.25,2.14,0.29
240261.5492,91613.29499,69568.78337,41187.35175,61892.2204,23516.88199,7305.300437,6293.100426,1316.57798,567.7,22.9,15.9,36.1,4.98,24.8,4.9,1.45,4.92,0.63,3.84,0.84,2.59,0.28,2.23,0.28
242505.2368,99604.98046,80995.16455,25629.02562,56674.9778,27151.98363,4316.76844,6353.034716,1394.023743,512.3,21.1,6.3,16,2.44,13,3.29,1.09,3.37,0.52,3.46,0.69,2.07,0.26,2.13,0.28
239466.9098,99022.80469,80606.51213,27196.91895,58104.35933,26929.42638,4150.738885,6892.443324,1394.023743,480.3,21.2,5.4,13.8,2.14,14,3.09,1.04,3.37,0.5,3.25,0.69,2.09,0.26,2.07,0.29
240401.7797,99181.5799,78196.86712,29186.93741,59891.08625,24332.92522,3984.709329,6472.903295,1394.023743,473.6,21.3,6.4,14.8,2.23,9.1,3.23,1.07,3.44,0.53,3.51,0.71,2.15,0.27,1.85,0.26
235680.687,99869.6058,75476.30017,34674.56407,64608.04531,21142.93807,3652.650219,5813.626108,1394.023743,468.5,19.4,7.1,18.3,2.47,11.5,3.23,1.03,3.41,0.49,3.38,0.69,1.96,0.27,1.85,0.24
232548.873,88279.01562,70812.47112,45649.81739,63821.88547,21736.42405,9131.625547,6892.443324,1239.132216,527,19.1,14.4,32.9,4.1,18.3,3.89,1.22,4.07,0.64,3.51,0.74,2.09,0.3,2.03,0.3
234932.7911,92407.17103,71822.96741,39981.27996,63393.07101,22478.28153,6226.108327,5993.428977,1316.57798,485.9,16.7,10.4,23.6,3.07,12.9,3.48,1.1,3.28,0.52,3.14,0.66,2.07,0.28,1.77,0.27
242084.5454,91348.66964,67780.98223,37508.83278,59748.1481,23665.25349,8633.536881,6233.166136,1239.132216,515.4,19.3,17.2,40.2,4.9,20.2,4.55,1.4,4.18,0.66,3.88,0.81,2.09,0.32,2.18,0.33
248114.4559,95265.12477,77963.67567,23759.61433,54888.25088,27968.02685,4316.76844,5933.494687,1548.91527,514.3,18.4,7.6,18.6,2.43,11.3,3.04,1.04,3.14,0.59,3.52,0.68,1.96,0.31,1.86,0.3
236709.0438,97487.97768,78740.98051,27739.65125,57318.19949,27819.65535,3984.709329,7192.114773,1394.023743,526.2,17,7.2,17.4,2.34,10.9,3.02,1.03,3.3,0.55,3.35,0.63,1.83,0.29,1.91,0.29
237129.7352,97964.30331,80606.51213,26774.79382,57747.01395,25297.33994,3901.694552,7012.311903,1394.023743,485.8,20,8.1,16.1,2.32,11.5,2.97,1.1,3.39,0.6,3.51,0.77,2.26,0.33,2.11,0.33
240027.8317,96006.07574,80217.85971,27196.91895,58032.89026,26855.24063,4067.724107,7012.311903,1394.023743,463.2,19,6.6,15.4,2.22,10.2,2.77,1.05,3.38,0.59,3.53,0.78,2.01,0.32,2.03,0.32
239373.4228,97487.97768,76098.14404,27317.52613,57032.32318,27003.61213,3735.664996,6592.771875,1394.023743,482.8,17.5,5.9,14.8,2.16,10.2,2.8,1.05,3.2,0.53,3.07,0.68,1.98,0.31,1.87,0.31
240728.9841,98334.77879,78041.40615,24422.95382,52243.89505,28784.07007,4399.783218,6053.363267,1394.023743,506.6,17.8,8.2,18,2.71,12.4,3.16,1.07,3.19,0.57,3.48,0.69,2.06,0.33,2,0.31
243206.3892,95370.97491,78974.17196,24000.82869,54816.78181,27745.46961,4316.76844,6233.166136,1471.469507,485.8,19.2,7.6,17.1,2.44,11.1,2.9,1.04,3.2,0.57,3.29,0.7,2.07,0.33,2,0.3
244234.746,95847.30053,77186.37082,24242.04305,55888.81796,27448.72662,4316.76844,6173.231846,1471.469507,523.5,19,7.5,17.5,2.5,11.3,3.16,1.11,3.42,0.57,3.37,0.73,2.28,0.32,2.13,0.32
246525.1771,95900.2256,74698.99533,24061.13228,55174.12719,27745.46961,4482.797996,6113.297557,1471.469507,517.9,18.8,7.3,18.2,2.51,12.5,3.1,1.11,3.36,0.59,3.54,0.73,2.2,0.3,2.01,0.32
244561.9505,96006.07574,77108.64034,24362.65023,55674.41073,27522.91236,4316.76844,6053.363267,1471.469507,512.9,19.1,7.8,17.7,2.51,11.7,2.93,1.03,3.1,0.58,3.72,0.7,2.18,0.31,1.97,0.31
251293.0133,94100.77325,75709.49162,21528.38152,50743.04444,28709.88433,7471.329993,5274.2175,1471.469507,488.9,20,9.6,21.7,3.07,13.1,3.28,1.01,3.58,0.63,3.63,0.71,2.2,0.31,2.24,0.34
240261.5492,98916.95455,89234.59588,25930.54356,58604.64287,27597.09811,4565.812773,6712.640454,1394.023743,510,24.4,6.5,16.1,2.39,10.9,2.48,1.19,3.49,0.61,3.61,0.74,2.27,0.34,2.14,0.31
238578.7835,96535.32644,74698.99533,38594.2974,71540.54575,22107.35279,4482.797996,5334.15179,1161.686453,423,13.9,6.34,15.3,2.07,9.43,2.43,0.852,2.62,0.422,2.66,0.548,1.51,0.228,1.51,0.227
250545.1174,95529.75012,74621.26484,23699.31075,58961.98825,27003.61213,7388.315215,6592.771875,1239.132216,559,22,13.3,29.9,4.03,17.9,4.12,1.31,3.99,0.618,3.78,0.773,2.14,0.316,2.11,0.329
257042.4628,90872.34402,61873.46543,26714.49023,53387.40027,27226.16937,15938.83732,7270.029349,1099.729842,511,24,25.9,57.3,7.24,28.6,6.5,1.48,5.4,0.9,5.2,1,2.8,0.4,2.7,0.41
258584.9981,89972.61784,63194.88367,26292.3651,57604.0758,26261.75465,14776.63043,6916.41704,1107.474418,519,25,21.4,45.2,5.95,25.1,5.4,1.36,4.5,0.7,4,0.8,2.3,0.34,2.1,0.33
267419.5181,89919.69277,55033.18282,24603.86459,47669.87414,27893.8411,17267.07376,6574.791588,975.8166204,502,24,26.7,58.1,7.29,28.5,6,1.47,4.8,0.8,4.5,0.9,2.5,0.37,2.3,0.36
277516.1124,89496.29222,48814.74409,15799.5405,38593.3014,31528.94273,22829.06387,6940.390755,944.8383149,475,31,32.8,71.7,8.89,34.3,7.3,1.65,5.9,0.9,5.5,1.1,3.2,0.49,3.1,0.48
264942.113,86638.33847,59075.168,21648.9887,46669.30706,27300.35512,16768.98509,7707.549665,1076.496113,490,29,26.6,56,7.3,30.3,6.2,1.55,5.6,0.8,4.7,0.9,2.6,0.41,2.6,0.38
264100.7301,86638.33847,58220.13268,21648.9887,46597.83799,27819.65535,16935.01465,7611.654801,1053.262384,491,28,26.2,55.4,7.13,29.3,6.5,1.51,5.4,0.8,4.6,0.9,2.7,0.38,2.4,0.37
261249.3771,87961.46521,57831.48025,22794.7569,51314.79705,26335.9404,16851.99987,6748.601028,1061.00696,504,24,22.5,46.2,5.89,24,5,1.33,4.4,0.6,3.8,0.8,2.3,0.35,2.1,0.32
251760.4482,93465.67241,64982.6848,27317.52613,57818.48303,28487.32708,13033.3201,9235.874054,1138.452724,648,24,23.4,52.8,6.84,28,6.2,1.67,5,0.8,4.8,0.9,2.5,0.34,2.3,0.33
229557.2895,109290.2681,60163.39478,40825.53022,77972.76265,18694.8084,3818.679774,4075.531704,1006.794926,486,14.5,6.8,15.8,2.15,9.3,2.1,0.88,2.47,0.41,2.4,0.49,1.47,0.22,1.38,0.2
242224.7759,98123.07851,88612.752,25508.41844,58318.76656,28338.95559,4316.76844,7132.180483,1394.023743,445,23.6,7,17.4,2.61,12,2.82,1.22,3.69,0.64,3.89,0.83,2.4,0.36,2.25,0.35
262994.2703,86823.91118,70134.54322,22961.16428,44871.72409,29448.92462,18410.36589,8072.162571,1097.965256,464.3304673,30.51681468,29.55502407,65.54202286,8.457746209,34.98513357,7.221444525,1.621234974,6.629735318,0.982829783,5.652523586,1.117680842,3.032345469,0.44883562,2.945483755,0.442624055
321595.2254,72401.49483,26195.17318,3377.001022,14579.69164,37537.98829,21251.78309,3895.728835,929.3491622,161,54,33,73,9,39,9,2,8,1,8,2,5,1,6,1
317995.9765,72507.34496,26195.17318,3377.001022,14651.16072,37760.54553,21334.79787,3895.728835,851.9033987,162,54,33,73,9,40,9,2,9,1,8,2,5,1,6,1
317388.3111,72771.97031,26583.8256,3557.911791,15079.97518,37686.35979,21168.76831,4015.597415,929.3491622,177,57,35,73,9,41,9,2,9,2,9,2,6,1,6,1
328139.3143,73195.37087,27361.13044,3738.82256,15222.91333,39541.00348,21417.81265,3955.663125,929.3491622,173,56,34,73,9,40,9,2,9,2,9,2,6,1,6,1
321127.7905,72507.34496,27127.93899,3618.215381,14937.03702,38873.33175,21251.78309,3895.728835,929.3491622,175,58,33,73,9,38,9,2,9,1,9,2,6,1,6,1
321969.1733,72560.27003,27438.86093,3678.518971,15151.44425,38947.5175,21251.78309,3955.663125,929.3491622,175,57,33,72,9,37,9,2,9,1,9,2,6,1,6,1
329541.619,72771.97031,26739.28657,3437.304612,14293.81533,38502.40301,21832.88653,3895.728835,929.3491622,172,57,32,71,9,36,9,2,9,1,9,2,6,1,6,1
321127.7905,72771.97031,27283.39996,3557.911791,14937.03702,40208.6752,21666.85698,4015.597415,929.3491622,161,53,32,71,9,38,9,2,8,1,8,2,5,1,5,1
333748.5333,75947.47447,27205.66947,3437.304612,15079.97518,39392.63198,22413.98998,4075.531704,929.3491622,158,53,32,71,9,38,9,2,8,1,8,2,5,1,5,1
247693.7644,100240.0813,61795.73495,29247.241,52672.70951,29229.18456,11954.12799,6412.969006,2013.589852,644,15.9,17.18,36.33,4.8,17.92,4.57,1.36,3.98,0.61,3.41,0.69,1.84,0.277031211,1.76,0.24
261950.5295,93624.44762,54877.72185,26714.49023,40380.02832,33383.58642,18678.32498,6053.363267,2555.710196,740,15.8,17.01,39.55,5.65,19.57,4.79,1.2,3.98,0.62,3.32,0.66,1.77,0.260888956,1.62,0.24
283031.8444,95106.34956,43529.07116,12060.71794,37163.91987,35683.3446,15274.7191,5513.954659,1006.794926,440,29.6,16.89,35.97,5.32,23.15,5.66,1.53,5.86,0.92,5.48,1.13,3.27,0.489431075,3.09,0.47
238158.092,104050.6863,69413.3224,24664.16818,69825.28791,25816.64017,4648.827551,6892.443324,1471.469507,495,18.7,9.86,24.43,3.24,14.27,3.83,1.24,3.97,0.66,3.92,0.84,2.33,0.353974204,2.27,0.33
309488.6609,79281.75384,40730.77373,8080.681017,25585.92945,31009.6425,22912.07864,4315.268864,1084.240689,240,32.6,19.57,46.45,6.22,25.03,6.15,1.53,6.09,1.02,6.23,1.36,3.88,0.601717314,3.94,0.59
297054.892,90343.09332,37543.82387,13688.91486,27587.06359,33977.07241,17267.07376,4375.203153,851.9033987,438,17.9,19.58,43.8,5.41,23.7,4.75,1.37,4.18,0.64,3.59,0.75,2.05,0.312417605,2.01,0.3
265362.8044,96747.02671,69024.66998,11517.98563,36449.2291,36276.83058,12037.14277,6892.443324,1703.806797,402,33.5,17.42,42.83,5.38,26.85,5.65,1.7,5.77,0.94,5.62,1.2,3.33,0.506335617,3.25,0.47
240308.2927,96006.07574,76409.06598,22191.721,61963.68947,29377.55605,10210.81766,8690.472017,1394.023743,534,23.3,16.01,37.6,4.83,22.09,5.47,1.58,5.37,0.88,4.75,0.96,2.59,0.378645439,2.33,0.36
238812.5009,97117.5022,75165.37823,22975.66767,63964.82362,29080.81306,9961.773324,8450.734858,1471.469507,540,22.8,15.27,35.37,4.89,20.66,5.47,1.66,5.48,0.84,4.78,0.97,2.58,0.379407725,2.35,0.34
235867.6609,100081.3061,75476.30017,21226.86357,76186.03573,25148.96844,4565.812773,7252.049062,1471.469507,556,22.4,14.33,34.02,4.54,23.09,5.18,1.51,5.15,0.81,4.66,0.96,2.56,0.376329814,2.33,0.34
251152.7828,106961.5651,55344.10476,17910.16614,63464.54008,28635.69858,8799.566436,5813.626108,1084.240689,640,16,13.94,28.29,3.69,17.61,3.94,1.21,3.76,0.59,3.28,0.66,1.78,0.267797477,1.7,0.26
269102.2838,99922.53087,52701.2683,19719.27383,53315.9312,26781.05489,2905.517219,5454.020369,1239.132216,554,14.1,15.46,33.55,4.33,19.22,4.02,1.17,3.57,0.54,3,0.59,1.53,0.225488179,1.4,0.21
237082.9917,98070.15345,68480.55659,37207.31483,56889.38503,19733.40886,6143.09355,6353.034716,1161.686453,401,25,15.8,34,4.7,21,4.7,1.4,5,0.7,4.6,0.9,2.5,0.4,2.3,0.3
233530.4863,93836.1479,69102.40047,34131.83176,67180.93207,23516.88199,6807.211771,6628.732449,1208.153911,593,21,22.7,48.1,5.87,24,5.1,1.49,4.7,0.7,4.2,0.8,2.5,0.36,2.3,0.36
238158.092,96429.4763,70890.2016,34192.13535,68252.96822,23961.99648,6890.226549,6766.581315,1246.876793,613,21,23.1,49.3,6.13,24.9,5.2,1.49,4.6,0.7,4,0.8,2.3,0.34,2.2,0.37
234278.3822,96270.70109,68091.90417,28583.90151,64322.169,24703.85395,6890.226549,6826.515605,1184.920182,633,20,22.6,47.9,5.92,23.6,5,1.45,4.7,0.7,4,0.8,2.4,0.35,2.2,0.35
239700.6273,89707.99249,65759.98964,33589.09945,67395.3393,23591.06774,6641.182216,6634.725878,1223.643064,630,21,20.5,45.7,5.76,24,5.1,1.51,4.6,0.7,4.1,0.8,2.3,0.35,2.2,0.32
240121.3187,94630.02394,70890.2016,27317.52613,63321.60193,27226.16937,7637.359548,7461.819077,1285.599674,661,21,22.1,48.9,6.04,25.3,5.4,1.62,5,0.7,4.4,0.9,2.5,0.37,2.3,0.35
237550.4267,96376.55123,76797.7184,34734.86766,68181.49914,24926.4112,6475.15266,6712.640454,1239.132216,628,22.9,19.3,43.6,5.61,23.7,4.97,1.48,4.65,0.695,4.15,0.827,2.28,0.332,2.2,0.329
245450.0768,88120.24041,65682.25916,38473.69022,62964.25655,23665.25349,8965.595991,5543.921804,1146.1973,559,21,17.2,37,4.78,20.1,4.3,1.26,4.1,0.6,3.5,0.7,2.1,0.31,1.9,0.29
244468.4635,93465.67241,66692.75545,37629.43996,65465.67423,23887.81073,8965.595991,6490.883582,1184.920182,556,20,17.8,38.8,4.88,20.1,4.7,1.35,4.3,0.7,3.8,0.8,2.4,0.34,2.2,0.34
242879.1847,93836.1479,66537.29449,38654.60099,65394.20515,23665.25349,8799.566436,6299.093855,1184.920182,561,17,17.9,37.9,4.93,20.9,4.3,1.32,4,0.6,3.7,0.8,2.2,0.33,2.1,0.33
243066.1587,93783.22283,66537.29449,37991.2615,65394.20515,24184.55372,9131.625547,6496.877011,1177.175606,566,20,21.3,43,5.31,21.6,4.8,1.38,4.2,0.7,3.9,0.8,2.3,0.35,2.2,0.32
244281.4895,93148.122,65604.52868,32925.75997,67109.46299,25594.08293,10625.89155,7413.871645,1184.920182,615,22,20.7,44.1,5.57,23,4.8,1.45,4.5,0.7,4.1,0.8,2.4,0.36,2.2,0.34
240401.7797,93095.19693,69879.70531,34734.86766,65608.61238,24703.85395,10293.83243,7377.911071,1208.153911,618,20,21,44.1,5.6,23.1,5,1.4,4.7,0.7,4,0.8,2.3,0.34,2.2,0.34
245964.2552,88702.41618,62184.38737,37870.65432,62106.62763,22997.58176,9131.625547,6472.903295,1161.686453,547,20,17.4,40.2,4.99,19.9,4.3,1.37,3.7,0.6,4,0.8,2.2,0.32,2.1,0.33
246197.9727,87696.83986,62495.30931,36845.4933,62106.62763,22626.65302,9297.655102,6580.785017,1146.1973,559,20,17.8,40.4,5.08,20.2,4.3,1.41,3.7,0.7,3.9,0.8,2.3,0.33,2.2,0.35
245496.8203,87538.06465,64127.64948,37508.83278,62249.56578,22700.83877,9297.655102,6568.798159,1161.686453,548,20,18,40.7,5.07,20.4,4.3,1.43,3.9,0.7,4.1,0.8,2.3,0.33,2.1,0.35
245777.2813,91295.74457,60707.50817,32383.02766,64822.45254,23813.62498,10210.81766,7174.134486,1138.452724,597,21,19.6,44.5,5.56,22.4,4.5,1.51,3.8,0.7,4.2,0.8,2.3,0.34,2.3,0.36
241196.419,86426.6382,62184.38737,48423.78252,64608.04531,20401.08059,7305.300437,5837.599824,1169.431029,525,18,14,32.6,4.02,16.9,3.6,1.25,3.3,0.6,3.6,0.7,2,0.29,1.9,0.31
243954.2851,92407.17103,60163.39478,35156.99278,63321.60193,21588.05255,7969.418659,6245.152994,1099.729842,541,20,16.4,37.5,4.71,18.6,4.2,1.36,3.7,0.6,4,0.8,2.1,0.32,2.2,0.34
250965.8089,86109.08778,61173.89108,36423.36817,62964.25655,23294.32475,9546.699435,6712.640454,1130.708147,564,21,17.7,40.2,5.02,19.9,4.2,1.45,3.7,0.6,4,0.8,2.2,0.32,2.1,0.34
250030.939,85315.21174,62495.30931,36363.06458,63321.60193,22775.02452,9463.684658,6796.54846,1138.452724,567,20,18.1,41.1,5.07,20.5,4.3,1.43,3.7,0.7,4,0.8,2.2,0.33,2.1,0.35
248815.6082,84045.01008,59697.01188,42272.81637,64036.2927,20623.63784,7222.28566,5585.875807,1107.474418,502,17,14.2,32.6,4.11,16.2,3.8,1.23,3.2,0.6,3.5,0.7,2.1,0.32,2,0.32
247132.8425,85368.13681,60862.96914,43840.7097,64465.10716,20697.82358,7388.315215,5663.790383,1130.708147,502,18,14.1,32.3,4.09,16.8,3.6,1.26,3.3,0.6,3.6,0.7,2,0.29,1.9,0.32
249096.0692,89972.61784,60474.31672,39619.45842,64965.39069,21142.93807,7471.329993,5735.711531,1099.729842,530,18,14,32.3,4.15,16.8,3.7,1.27,3.3,0.6,3.4,0.7,2.1,0.3,2,0.32
250358.1435,90131.39305,60396.58623,32744.8492,63607.47824,23145.95325,9795.743768,6964.364471,1122.963571,572,23,18.4,41.5,5.2,20.7,4.3,1.43,3.9,0.7,3.9,0.8,2.3,0.33,2.1,0.34
237082.9917,89655.06742,67858.71272,42453.72714,66037.42684,22033.16704,5728.019661,6227.172707,1184.920182,665,16,14.2,31.4,4.14,18,4,1.25,3.8,0.6,3.4,0.7,2,0.31,1.9,0.29
237503.6832,90925.26909,68636.01756,44443.7456,66466.2413,23294.32475,5395.96055,6323.067571,1200.409335,663,16,13.3,29.5,3.97,17.5,3.8,1.28,3.6,0.5,3.2,0.6,2,0.3,1.9,0.27
232876.0774,90872.34402,70890.2016,44262.83483,66752.11761,23145.95325,5229.930995,6341.047858,1192.664758,689,16,13.6,30.3,4.13,17.7,4,1.23,3.8,0.6,3.3,0.7,2,0.29,1.9,0.29
237784.1441,92513.02117,73299.84661,42996.45944,66895.05576,22107.35279,5478.975328,6347.041287,1215.898487,688,17,14.1,31,4.12,18.1,4.1,1.26,4,0.6,3.3,0.7,2.1,0.31,2,0.3
231987.9511,94312.47352,68402.82611,42634.63791,65465.67423,23516.88199,5977.063994,6496.877011,1200.409335,670,18,13.7,31.1,4.07,18.6,4.1,1.29,3.7,0.6,3.4,0.7,2,0.29,1.9,0.29
234792.5606,92565.94624,71434.31499,43237.6738,67109.46299,23961.99648,5645.004883,6526.844156,1215.898487,711,17,13.7,30,4.06,17.3,3.9,1.22,3.9,0.6,3.2,0.6,1.9,0.28,1.8,0.28
234184.8952,92089.62061,68247.36514,43780.40611,66680.64853,23739.43924,5645.004883,6347.041287,1192.664758,669,17,14.7,33.2,4.4,19.6,4.1,1.36,4,0.6,3.5,0.7,2.1,0.31,1.9,0.3
234184.8952,94894.64929,72211.61983,41971.29842,67037.99392,23368.5105,5728.019661,6640.719307,1215.898487,692,16,13.2,29.7,3.92,17.5,3.8,1.19,3.8,0.6,3.4,0.6,2,0.29,1.8,0.27
238391.8095,92565.94624,70501.54918,43659.79893,67109.46299,24555.48246,6143.09355,6646.712736,1215.898487,706,16,13.2,29,3.96,17.5,3.9,1.22,3.8,0.6,3.2,0.7,1.9,0.3,1.9,0.29
238391.8095,93994.92311,68480.55659,41850.69124,66537.71038,24407.11096,6060.078772,6646.712736,1215.898487,697,15,13.3,29.8,3.98,17.6,3.8,1.22,3.6,0.6,3.3,0.6,1.9,0.28,1.8,0.28
234044.6647,94630.02394,69801.97482,43056.76303,65965.95777,24258.73947,6392.137883,6628.732449,1215.898487,687,15,13.1,29.5,3.93,16.9,3.8,1.18,3.6,0.6,3.3,0.7,1.9,0.27,1.7,0.27
239560.3968,90819.41895,64671.76287,38051.56509,66966.52484,22552.46727,5478.975328,6484.890153,1378.534591,690,19,13.6,33.3,4.26,17.9,3.8,1.28,3.3,0.6,3.6,0.7,2,0.3,2,0.3
234044.6647,88437.79083,72367.0808,46071.94252,64679.51439,23220.139,6060.078772,6406.975577,1192.664758,681,17,14.9,32.5,4.23,18,3.9,1.17,3.5,0.6,3.3,0.6,1.8,0.27,1.8,0.29
235820.9174,89019.96659,69879.70531,45770.42457,64822.45254,23220.139,6143.09355,6454.923008,1192.664758,672,18,15,33,4.33,18.2,4,1.18,3.5,0.6,3.2,0.6,1.9,0.27,1.7,0.28
231707.4901,89866.7677,70890.2016,43056.76303,67323.87022,22404.09578,5561.990106,6640.719307,1200.409335,683,18,15.5,32.9,4.21,17.8,4,1.27,3.9,0.6,3.4,0.7,2,0.29,1.8,0.29
235727.4305,89866.7677,71201.12354,42875.85226,68110.03007,23145.95325,5811.034439,6526.844156,1200.409335,697,17,15.1,33.3,4.32,17.9,4,1.27,3.7,0.6,3.5,0.7,2,0.28,1.8,0.28
330850.4368,88490.7159,9871.771495,2653.357946,16795.23302,39095.88899,22497.00476,1258.620085,309.7830541,788,4.3,10.12,20.75,2.33,7.67,1.7,0.51,1.16,0.18,0.84,0.17,0.42,0.066937384,0.45,0.07
332486.459,87220.51424,9405.38859,3075.483074,14508.22256,36573.57357,27062.81753,1258.620085,154.891527,693,3.7,10,20.72,2.42,7.92,1.71,0.45,1.16,0.16,0.78,0.15,0.41,0.062330105,0.4,0.07
251106.0393,102092.4587,59463.82042,21226.86357,65036.85977,24926.4112,3984.709329,5034.480341,929.3491622,467,18,5.7,14,2.3,10,2.6,0.94,3,0.492232504,3,0.6,1.8,0.277012034,1.8,0.27
249329.7866,100240.0813,60862.96914,21709.29229,69753.81883,23739.43924,3984.709329,4914.611761,1394.023743,459,18,5.5,13,2.2,10,2.5,0.9,2.8,0.466754402,2.9,0.58,1.7,0.261622477,1.7,0.27
252227.8832,99710.83059,61718.00447,29789.9733,62606.91116,24332.92522,4316.76844,4914.611761,1161.686453,450,18,5.6,14,2.3,10,2.6,0.93,2.8,0.4740918,3,0.6,1.8,0.269341227,1.7,0.26
241243.1625,92407.17103,66692.75545,45529.21021,71540.54575,20252.7091,3901.694552,5214.28321,1161.686453,443,18,5.5,14,2.2,10,2.7,0.93,2.9,0.483162152,3,0.62,1.8,0.269341227,1.7,0.27
236662.3003,91295.74457,66148.64207,43901.01329,67895.62284,19139.92288,4150.738885,4974.546051,1161.686453,414,15,3.6,11,1.7,7.7,2.3,0.81,2.4,0.415798198,2.7,0.54,1.6,0.246232919,1.6,0.25
235493.713,90925.26909,66148.64207,42936.15585,68252.96822,18917.36564,4150.738885,4974.546051,1161.686453,406,17,5.5,13,2,9,2.5,0.89,2.7,0.45768405,2.9,0.6,1.8,0.269341227,1.7,0.27
250404.887,97487.97768,61718.00447,27679.34766,75685.75219,22700.83877,4150.738885,5693.757528,1084.240689,421,20,5.2,14,2.3,10,2.8,0.99,3.1,0.515977652,3.2,0.68,1.9,0.292401592,1.9,0.29
248581.8908,99340.35511,61407.08253,27558.74048,75757.22127,22329.91003,3984.709329,5753.691818,1084.240689,440,22,6.5,14,2.4,11,2.9,1,3.4,0.565200903,3.5,0.73,2.1,0.315509899,2,0.33
243907.5416,95847.30053,63194.88367,35217.29637,74327.83974,21068.75232,3403.605886,5214.28321,1084.240689,447,18,5.6,13,2.2,10,2.6,0.95,2.8,0.4740918,3,0.62,1.8,0.269341227,1.7,0.27
246525.1771,98864.02949,62495.30931,33046.36715,73398.74174,21958.98129,3652.650219,5633.823238,1084.240689,454,20,5.8,14,2.4,11,2.9,1,3.2,0.532385403,3.3,0.69,2,0.300120342,1.9,0.31
244748.9244,97223.35234,57598.2888,34433.34971,60605.77702,21068.75232,5063.90144,3835.794545,774.4576352,334,15,10,15,2.2,9,2.1,0.78,2.1,0.366574948,2.4,0.51,1.5,0.238514169,1.6,0.26
261062.4032,101033.9573,57287.36687,18392.59485,61749.28224,26261.75465,6973.241327,5633.823238,1006.794926,396,22,8.6,20,3.1,13,3.3,1.1,3.5,0.59628345,3.8,0.77,2.2,0.330899457,2.1,0.34
250545.1174,97170.42727,67314.59933,29970.88407,67466.80838,22552.46727,4150.738885,5633.823238,1239.132216,363,22,7.4,16,2.5,11,2.9,0.98,3.2,0.554397598,3.6,0.75,2.2,0.338570264,2.2,0.32
245683.7943,97858.45317,62339.84834,29789.9733,76614.85019,21439.68106,5312.945773,5394.086079,1161.686453,551,22,11,24,3.3,14,3.4,1.1,3.4,0.557863505,3.4,0.73,2.1,0.323180707,2.1,0.33
245496.8203,98017.22838,61251.62156,29006.02664,77115.13373,20920.38083,5645.004883,5334.15179,1161.686453,532,21,11,24,3.3,14,3.3,1.1,3.3,0.548793153,3.4,0.71,2.1,0.315509899,2,0.31
259519.8679,100293.0064,58531.05461,15980.45127,63321.60193,27374.54087,5977.063994,6173.231846,1084.240689,387,24,7.4,19,2.9,13,3.4,1.1,3.5,0.603620848,3.9,0.81,2.4,0.361678571,2.3,0.38
256762.0019,99657.90552,57676.01929,15920.14768,64036.2927,27226.16937,5395.96055,6233.166136,1084.240689,396,25,8.1,19,3.1,14,3.4,1.1,3.7,0.62909895,4,0.85,2.6,0.384786879,2.4,0.37
248768.8647,98070.15345,60552.0472,30573.91997,75113.99958,21291.30956,4980.886662,5154.34892,1161.686453,464,20,7.2,17,2.6,11,2.8,0.92,3,0.514244699,3.3,0.71,2,0.307791149,2,0.31
251293.0133,100240.0813,59386.08994,16402.57639,64179.23085,27077.79788,3984.709329,6353.034716,1161.686453,385,25,8.6,21,3.1,13,3.5,1.2,3.7,0.621761552,3.9,0.84,2.5,0.384738936,2.5,0.38
247132.8425,81557.53182,65837.72013,26835.09741,62821.31839,26558.49764,8882.581214,7911.32625,1471.469507,332,60,22,58,9.3,40,9.1,1.8,9.1,1.50044266,9.2,1.9,5.6,0.838802795,5.3,0.81
237410.1962,87114.6641,73766.22952,33106.67074,79187.73695,18620.62265,2324.413776,8091.129119,1548.91527,343,22,5.3,14,2.2,10,2.7,1,3.1,0.537989848,3.5,0.74,2.2,0.338570264,2.2,0.35
229931.2374,96111.92588,67547.79078,37026.40407,78687.45341,17582.02218,3320.591108,5633.823238,1239.132216,449,25,8,15,2.9,13,3.3,1.2,3.6,0.605353802,3.8,0.79,2.3,0.338618207,2.1,0.35
229884.494,97858.45317,68713.74804,38473.69022,78187.16988,18249.69391,3735.664996,5753.691818,1239.132216,436,20,6.3,15,2.3,11,2.9,0.99,3.1,0.508640254,3.1,0.67,1.9,0.292401592,1.9,0.29
263025.6298,97435.05261,54411.33895,24242.04305,53601.8075,28561.51283,5894.049217,4914.611761,929.3491622,447,17,8,19,2.7,12,2.8,0.94,2.8,0.444742207,2.6,0.57,1.5,0.238514169,1.6,0.25
263399.5778,97646.75289,53556.30362,24664.16818,53458.86935,28487.32708,5811.034439,4914.611761,1006.794926,448,16,8.1,18,2.6,11,2.8,0.93,2.9,0.453812559,2.6,0.56,1.5,0.238514169,1.6,0.24
251666.9613,95794.37546,61795.73495,23819.91792,62678.38024,25000.59694,6392.137883,6532.837585,1084.240689,396,28,12,28,3.9,17,4.2,1.3,4.6,0.732744311,4.3,0.94,2.7,0.415518051,2.7,0.4
245403.3333,98123.07851,67936.4432,24543.561,72541.11282,21439.68106,4980.886662,5454.020369,1316.57798,396,23,8.8,18,2.8,13,3.3,1.1,3.6,0.576004208,3.4,0.75,2.1,0.323180707,2.1,0.32
247740.5079,98493.554,61795.73495,28644.2051,63321.60193,24407.11096,4316.76844,5094.414631,1006.794926,413,16,5.9,15,2.2,10,2.5,0.87,2.8,0.444742207,2.6,0.57,1.6,0.246232919,1.6,0.25
240401.7797,102462.9342,65060.41529,30573.91997,71254.66944,22478.28153,3652.650219,5753.691818,1161.686453,432,20,7.2,17,2.6,11,3,1,3.4,0.543188708,3.2,0.7,1.9,0.300072399,2,0.3
281910.0006,87432.21451,48503.82215,9166.145632,33590.46603,33457.77217,7637.359548,4794.743182,1006.794926,362,29,14,31,4.7,20,4.9,1.3,4.9,0.781967561,4.6,0.97,2.7,0.438530474,3,0.44
301308.5498,79863.9296,43684.53213,7839.466659,28516.16159,32344.98596,18512.29543,5993.428977,851.9033987,248,43,23,52,7,29,6.8,1.5,7,1.119192916,6.6,1.4,4,0.630923913,4.2,0.63
297475.5835,81928.0073,43995.45406,7839.466659,28659.09974,31380.57124,18844.35454,6113.297557,851.9033987,258,47,24,56,7.5,31,7.3,1.6,7.5,1.193894268,7,1.5,4.2,0.677044643,4.6,0.68
302290.1632,79916.85467,43373.61019,7658.55589,28516.16159,31825.68572,18512.29543,5993.428977,851.9033987,257,51,26,57,8.3,34,8,1.6,8.1,1.285003371,7.5,1.6,4.6,0.723261258,4.8,0.71
284480.8927,87643.91479,48970.20505,7115.823583,33947.81142,33161.02918,7720.374326,4734.808892,774.4576352,365,27,14,29,4.6,19,4.7,1.3,4.6,0.725406913,4.2,0.9,2.5,0.407751359,2.8,0.44
233343.5124,93518.59748,68169.63465,39016.42252,72112.29836,20401.08059,3652.650219,5633.823238,1161.686453,436,20,8.7,20,2.9,13,3.1,1.1,3.4,0.535851309,3.1,0.67,1.8,0.284682842,1.9,0.29
260314.5073,100663.4818,56898.71444,17246.82665,60391.36979,26484.3119,6973.241327,5813.626108,1006.794926,377,23,10,21,3.1,13,3.3,1.1,3.7,0.592411958,3.5,0.77,2.1,0.330851514,2.2,0.33
302243.4197,82245.55772,42285.38341,7477.645121,29373.79051,32493.35745,18595.3102,5813.626108,774.4576352,254,45,24,54,7.4,31,7.3,1.5,7.4,1.177486518,6.9,1.5,4.2,0.669373835,4.5,0.69
302009.7022,80869.50592,42440.84438,7839.466659,29230.85236,31454.75699,19923.54665,5693.757528,851.9033987,253,46,25,57,7.7,32,7.5,1.5,7.8,1.243117518,7.3,1.5,4.4,0.692482143,4.6,0.69
287425.7327,89019.96659,47260.1344,9467.66358,37664.2034,35386.60161,7471.329993,4495.071733,774.4576352,379,35,16,35,5.1,22,5.1,1.4,5.4,0.856668914,5,1.1,3.1,0.500088703,3.4,0.53
233997.9213,93201.04707,65526.79819,45167.38867,77543.94819,18398.06541,2407.428553,4914.611761,1161.686453,398,20,6.5,13,2.2,10,2.7,0.94,3.1,0.493965457,2.9,0.64,1.8,0.277012034,1.8,0.27
298737.6578,86373.71313,41741.27002,7839.466659,31160.51743,39689.37497,10210.81766,4854.677471,1084.240689,353,34,16,33,4.9,21,5,1.4,5,0.80571271,4.8,1.1,3,0.469357531,3.1,0.49
301215.0628,85526.91202,42751.76632,8321.895376,31946.67727,39541.00348,10376.84721,4794.743182,1006.794926,351,31,12,33,4.7,20,4.8,1.3,4.9,0.781967561,4.6,0.98,2.9,0.453967974,3,0.47
306450.3339,80763.65578,49592.04893,7477.645121,6861.03136,20549.45209,47152.39373,5154.34892,387.2288176,126,44.6,44.06,98.37,13.24,55.84,11.23,1.85,9.66,1.43,8.24,1.65,4.73,0.707981968,4.47,0.68
271112.2539,104579.937,44617.29794,13266.78973,26157.68206,49110.96492,20421.63531,3416.254517,1084.240689,798,20.6,11.28,28.11,3.76,15.59,4.03,1.27,4.04,0.63,3.96,0.82,2.44,0.379340606,2.49,0.38
248815.6082,93836.1479,72600.27226,23578.70357,35091.31664,28784.07007,34534.14752,6293.100426,1858.698324,557,32.9,27.55,62.09,8.58,35.67,8.34,1.89,7.58,1.08,6.3,1.28,3.64,0.541002873,3.39,0.51
253910.6489,94365.39859,62961.69221,24965.68613,58819.0501,24481.29671,12618.24621,7012.311903,1084.240689,456,26.5,18.09,43.12,6.17,25.96,6.19,1.44,5.87,0.88,5.13,1.06,2.96,0.44479177,2.82,0.41
241056.1886,95159.27463,69413.3224,32624.24202,68395.90637,22700.83877,5063.90144,6293.100426,1239.132216,459.192075,22.61653172,7.604627691,18.21920082,2.631170805,12.027884,3.306703653,1.066207415,3.611094094,0.604907214,3.775447459,0.825886449,2.368074858,0.344490404,2.241658959,0.343707627
240168.0622,96429.4763,69491.05289,32443.33125,67824.15376,22033.16704,4731.842329,6353.034716,1239.132216,467.7612411,22.36426554,7.698239373,18.44358419,2.646984856,12.1248922,3.31364896,1.085704366,3.60010986,0.599784439,3.823103712,0.815800109,2.294529871,0.339496077,2.25490199,0.344442993
242692.2108,90501.86853,73377.5771,31116.65228,63893.35454,23665.25349,6309.123105,7252.049062,1316.57798,438.5145024,28.1498917,9.593061584,22.98367064,3.264551325,15.07315328,3.974358667,1.22267268,4.661036502,0.757720978,4.818704647,1.034689688,2.878189879,0.429957803,2.804893656,0.427117155
244935.8984,90819.41895,71900.6979,29428.15177,63107.1947,23961.99648,6724.196994,7311.983352,1316.57798,437.257872,29.34088966,10.49030047,24.94554998,3.59993587,16.05429849,4.382442772,1.252607007,4.716434959,0.781736701,4.922421659,1.079359565,3.105254789,0.450736654,2.942509779,0.448529317
248161.1993,89178.7418,76020.41356,26352.66869,64250.69993,22700.83877,4150.738885,7192.114773,1394.023743,461.0354592,23.07778293,7.887408136,18.6347574,2.767081863,12.64824196,3.527045851,1.192591809,3.896150677,0.617290218,3.903959442,0.847565642,2.439101723,0.352179703,2.318455394,0.353559709
251994.1657,86532.48833,75243.10872,24724.47177,59104.92641,27597.09811,5894.049217,7791.45767,1394.023743,419.9829611,26.12857588,8.657344274,20.99091341,3.045582767,13.71671415,3.780203248,1.234680674,4.152301222,0.70210796,4.390542245,0.965495453,2.723245566,0.398099376,2.632706625,0.403665063
262838.6559,83409.90924,75787.22211,18332.29126,46740.77614,31232.19974,7637.359548,7911.32625,1471.469507,387.3719662,30.55956808,10.15147984,24.29687293,3.488492175,15.96356976,4.422758751,1.338411559,4.756799694,0.826764222,5.176779941,1.138915956,3.262387295,0.479262002,3.178578076,0.48609306
240588.7536,98864.02949,67003.67739,29548.75894,78615.98434,22775.02452,4565.812773,6233.166136,1239.132216,482.3861866,21.45613672,7.586628976,17.55629932,2.583525641,11.92103578,3.288146026,1.065245402,3.719595259,0.549459949,3.473597607,0.751862654,2.171426028,0.31564458,2.038102688,0.31537399
240635.4971,98017.22838,67314.59933,29367.84818,70611.44775,22923.39601,4648.827551,6233.166136,1239.132216,476.1176632,21.38384767,7.371006785,17.37646158,2.584682243,11.65733169,3.251154903,1.053605201,3.543413199,0.565892407,3.535557101,0.772680982,2.203891252,0.317042087,2.105327975,0.320164485
239840.8578,97911.37824,67780.98223,29247.241,70468.5096,22997.58176,4731.842329,6293.100426,1239.132216,482.3718351,21.84415134,7.545411607,18.51238437,2.655443129,11.92885231,3.297976652,1.093655702,3.529226652,0.592470152,3.707698989,0.801533792,2.290038562,0.335131014,2.210912816,0.335002476
251947.4222,85897.3875,77264.10131,23940.5251,58533.17379,27819.65535,5395.96055,7252.049062,1394.023743,440.8955606,24.12463618,7.905070767,19.15534682,2.787568484,12.75087064,3.516411301,1.192069365,3.853220072,0.655667286,4.142916675,0.894516107,2.549047836,0.370485261,2.481071703,0.37634952
264240.9606,90872.34402,61484.81301,16402.57639,51028.92074,30564.52802,7969.418659,6173.231846,1239.132216,396.899794,31.17750198,10.60438861,25.20310411,3.558265192,15.99954713,4.285398148,1.270445177,4.945234276,0.82897439,5.342016336,1.151306333,3.28739089,0.495265249,3.238714447,0.499319481
259099.1765,84045.01008,76953.17937,21468.07793,52815.64766,29229.18456,6558.167438,8210.997699,1394.023743,405.9005079,27.75597739,9.047433822,22.38089059,3.219359644,14.52152601,4.064269026,1.296263579,4.356430884,0.751184401,4.746348068,1.018037717,2.945773966,0.426990461,2.828558943,0.430307952
247880.7384,91772.0702,69491.05289,23639.00716,64322.169,25668.26867,5811.034439,7132.180483,1316.57798,432.8112114,27.07468488,8.279083037,19.70793146,2.875081389,13.41875997,3.707092795,1.199683574,4.393604729,0.721899973,4.644672666,0.987787334,2.795137855,0.41860847,2.742779698,0.419081678
262932.1428,84150.86021,74232.61242,19478.05947,48741.91029,27374.54087,8218.462992,8450.734858,1394.023743,386.4565881,33.91931499,11.26171369,27.48454325,3.946611848,17.76451295,4.855023657,1.449934056,5.276014979,0.926551063,5.767621568,1.259391061,3.632511926,0.527568289,3.474650718,0.531022217
250591.8609,84521.3357,75165.37823,26171.75792,60105.49348,26781.05489,5894.049217,7611.654801,1394.023743,410.5369473,27.78131979,8.428372298,20.3751323,3.006968429,13.65905698,3.853210141,1.243274843,4.274304322,0.743558921,4.683700893,1.037364855,2.959974423,0.435822405,2.852886189,0.430199818
240682.2406,94947.57436,66692.75545,36724.88612,71183.20036,21439.68106,4648.827551,5513.954659,1239.132216,448.6636204,19.7616881,6.795490192,15.996636,2.283714991,10.32061167,2.854313023,0.959628435,3.095271946,0.507180762,3.185969645,0.690251766,1.991509765,0.293470451,1.920999076,0.286677005
264614.9086,85844.46243,79751.4768,19598.66665,48598.97213,32122.42872,7056.256104,7371.917642,1394.023743,425,29,10.3,24.6,3.55,16.3,4.22,1.36,4.61,0.748,4.75,0.989,2.78,0.416,2.79,0.428
244748.9244,111460.196,63350.34463,18935.32716,73970.49435,23665.25349,4399.783218,5513.954659,1006.794926,512,18.6,6.31,15.2,2.23,10.3,2.75,0.962,3.02,0.49,3.08,0.644,1.8,0.269,1.8,0.273
255312.9536,84415.48556,88535.02152,23337.48921,54173.56012,27893.8411,7803.389104,8570.603437,1394.023743,414,29,11.1,27,3.89,18.1,4.75,1.41,5.16,0.844,5.31,1.11,3.1,0.464,3.12,0.473
239840.8578,92301.32089,87446.79474,33649.40304,64393.63808,24629.66821,4565.812773,7012.311903,1316.57798,449,22.6,7.65,18.8,2.72,13,3.47,1.16,3.78,0.627,3.99,0.824,2.3,0.341,2.29,0.344
255219.4666,90237.24319,75709.49162,26593.88305,59962.55533,25816.64017,7720.374326,6353.034716,1161.686453,453,21,9.54,22,3.05,13.8,3.51,1.11,3.78,0.614,3.85,0.803,2.23,0.337,2.26,0.345
250264.6565,108549.3172,45550.06375,16281.96921,57889.9521,29080.81306,6226.108327,3715.925966,851.9033987,588,17,11,26,3.59253376,16,3.45,1.2,3.68,0.586929189,3.45,0.69,1.73,0.263938102,1.7,0.25
247366.56,97117.5022,69413.3224,25327.50767,55317.06534,22404.09578,3071.546775,4315.268864,1161.686453,517,11,4,10,1.467655216,7,1.96,0.65,2,0.350167198,2.3,0.5,1.44,0.222376708,1.45,0.23
214225.4241,111089.7205,74077.15146,22915.36408,84190.57232,20104.3376,1411.251221,5753.691818,1161.686453,332,18,3,8,1.214736865,6,1.9,0.73,2.49,0.460648507,3.2,0.67,1.93,0.297018459,1.93,0.28
256621.7714,78064.47724,81772.46939,19719.27383,51314.79705,23220.139,5977.063994,6532.837585,1316.57798,266,22,5,13,1.897798609,9,2.33,1.05,2.8,0.509311313,3.48,0.78,2.45,0.373208754,2.4,0.37
273683.146,81769.2321,63738.99705,12181.32512,37950.07971,35534.97311,4233.753663,6353.034716,1626.361034,254,33,6,15,2.252248689,11,3.16,1.33,4.14,0.757057278,5.2,1.12,3.31,0.506326029,3.27,0.48
305655.6946,73195.37087,33501.8387,14653.77229,28587.63067,25297.33994,20587.66487,2936.780199,697.0118717,260,31,16,36,4.857125519,21,4.35,1.12,4.18,0.751880541,5.08,1.1,3.21,0.485566906,3.1,0.5
275506.1422,93095.19693,37854.74581,15799.5405,43310.26046,25965.01166,10542.87677,3655.991676,464.6745811,453,16,12,28,3.642388654,15,2.9,0.93,2.52,0.425215141,2.68,0.6,1.52,0.237756677,1.57,0.24
249423.2736,87326.36437,57598.2888,31599.08099,61677.81317,23220.139,6475.15266,7551.720511,929.3491622,306,26,13,32,4.452820544,20,4.38,1.45,4.35,0.707867212,4.27,0.82,2.35,0.367024165,2.42,0.36
313087.9098,82457.258,24018.71962,6452.484096,23441.85715,27448.72662,18927.36932,3236.451648,154.891527,178,20,16,36,4.450998604,17,3.23,0.97,3.21,0.532558698,3.29,0.62,1.64,0.245485016,1.55,0.23
287098.5282,85209.3616,67236.86884,6633.394865,30374.35758,43917.96259,18180.23632,4495.071733,1781.252561,403,39.3,16.9,40.9,5.83,26.9,6.84,2.07,7.12,1.14,7.14,1.47,4.08,0.619,4.17,0.629
272093.8673,87326.36437,51846.23297,12241.62871,38307.42509,39689.37497,8550.522103,6952.377613,1703.806797,605,46.9,19.4,47.4,6.84,32.7,8.34,2.61,8.71,1.37,8.51,1.72,4.75,0.691,4.59,0.688
347257.4025,69543.54108,6684.821642,1145.768204,4716.95906,29451.7418,37522.67952,719.2114773,619.5661082,69,17,17,34,3.47,13,3,0.41,2.73,0.428120603,2.46,0.47,1.59,0.26,2,0.22
266531.3917,95370.97491,42440.84438,11940.11076,49099.25567,31454.75699,17018.02943,5573.888949,697.0118717,537,20,28,60,6.37,26,5,1.23,4.74,1,3.22,0.66,1.94,0.25,2,0.25
281349.0787,92777.64651,45161.41133,14111.03999,43167.32231,31603.12848,20255.60576,5753.691818,774.4576352,525,22,30.8,61.7,6.71,11,5.75,1.2,4.98,0.67,3.83,0.7,2.21,0.34,1.96,0.28
281349.0787,92777.64651,45161.41133,14111.03999,43167.32231,31603.12848,20255.60576,5753.691818,774.4576352,562,21,27,54,6.01,27,5,1.2,4.66,1,3.54,0.67,2.04,0.3,2,0.26
262044.0165,93201.04707,52312.61588,27076.31177,55460.0035,26706.86914,15357.73387,5681.77067,929.3491622,486,20,23,48,5.67,22,4,1.25,4.07,1,3.33,0.66,1.94,0.27,2,0.27
266671.6222,90554.7936,49825.24038,25025.98972,50242.7609,27226.16937,16519.94076,5681.77067,875.1371278,446,19,24,50,5.91,23,5,1.26,4.3,1,3.4,0.67,1.97,0.27,2,0.27
310563.7612,84256.71035,23396.87575,6633.394865,23370.38807,33309.40068,26066.6402,2876.845909,697.0118717,353,18,35,68,6.57,26,5,0.94,4.14,1,3,0.58,1.95,0.32,2,0.3
304066.4159,83992.08501,30081.69739,12000.41435,28444.69251,29748.48479,27145.83231,3835.794545,542.1203446,377,22,36,75,7.92,30,5,0.96,5.21,1,3.39,0.67,2.17,0.33,2,0.29
311592.1181,78117.40231,26195.17318,8864.627683,22298.35192,28190.58409,32126.71897,3056.648778,464.6745811,318,22,39,81,8.06,30,5,0.92,5.06,1,3.37,0.69,2.17,0.33,2,0.32
304674.0812,82986.50869,33346.37773,12000.41435,29516.72866,29600.1133,28806.12786,3835.794545,619.5661082,406,22,38,76,7.83,31,6,0.99,5.11,1,3.52,0.68,2.17,0.34,2,0.3
282704.64,95688.52533,38942.97259,10311.91384,39093.58494,34273.8154,23161.12298,5495.974372,704.756448,483,23,33,66,7.58,29,6,1.47,4.95,1,4.01,0.76,2.22,0.32,2,0.32
312153.04,81557.53182,28449.35722,10070.69948,25371.52222,29006.62732,30383.40864,3596.057386,511.1420392,348,21,43,85,8.57,31,6,1.15,4.8,1,3.7,0.7,2.1,0.32,2,0.28
296914.6616,84838.88612,36066.94467,15075.89742,33518.99696,29229.18456,25568.55153,4381.196582,604.0769555,430,21,39,78,8.05,30,6,1.25,4.8,1,3.7,0.7,2.1,0.31,2,0.28
270598.0755,91084.0443,49902.97086,24000.82869,48384.5649,28561.51283,18263.25109,5454.020369,851.9033987,516,21,28,57,6.22,27,5,1.08,4.71,1,3.48,0.67,2.08,0.31,2,0.27
285836.4539,89443.36715,40575.31276,16402.57639,37592.73433,30416.15652,22164.94565,4854.677471,774.4576352,449,23,33,67,6.82,28,6,1.21,4.82,1,3.69,0.71,2.14,0.31,2,0.3
317201.3371,81292.90647,26195.17318,8623.413325,22941.57361,29303.37031,32375.7633,3176.517358,464.6745811,329,22,39,80.9,8.12,13,5.51,0.88,5.01,0.61,3.25,0.67,2.13,0.33,1.99,0.31
316313.2108,79599.30425,26817.01705,9407.35999,22870.10453,28487.32708,32873.85197,3116.583068,503.3974629,326,21,40,78,8.26,29,5,1.06,4.26,1,3.5,0.69,2.01,0.31,2,0.32
299438.8101,83727.45966,33657.29966,12422.53947,32804.30619,28116.39834,29221.20175,3931.689409,588.5878028,359,20,36,71,7.77,28,5,1.11,4.31,1,3.51,0.67,1.95,0.28,2,0.29
248768.8647,85526.91202,85503.53263,30815.13433,68038.56099,24629.66821,4897.871884,6832.509034,1316.57798,417,20.2,8.37,18.7,2.62,12.1,3.37,1.14,3.5,0.62,3.57,0.71,2.28,0.33,2.04,0.33
239700.6273,94418.32366,73921.69049,33287.5815,69753.81883,26113.38316,6973.241327,7491.786221,1161.686453,517,28.3,19.5,43.9,5.67,24.3,5.41,1.6,5.35,0.831,5.04,1.02,2.82,0.417,2.75,0.413
232829.334,89496.29222,87835.44716,44443.7456,65751.55054,22181.53854,5395.96055,7911.32625,1316.57798,406,26.4,12.4,29.7,4.13,18.6,4.57,1.38,4.75,0.758,4.71,0.96,2.66,0.394,2.6,0.393
233857.6908,89972.61784,86280.83748,42755.24508,66466.2413,22552.46727,5728.019661,7791.45767,1316.57798,412,26.9,12.5,30,4.16,18.8,4.6,1.39,4.79,0.769,4.79,0.972,2.69,0.399,2.65,0.397
243393.3632,96694.10164,73766.22952,31659.38458,67037.99392,22997.58176,6226.108327,6293.100426,1161.686453,628,30.6,12.6,29.7,4.2,19.7,5.09,1.55,5.38,0.869,5.45,1.12,3.1,0.454,3.02,0.45
249329.7866,95847.30053,57676.01929,31478.47381,63678.94731,25668.26867,4731.842329,5753.691818,1006.794926,627,17.1,9.2,23.6,3.44,15.1,3.49,1.29,3.27,0.52,2.98,0.63,1.75,0.261646448,1.65,0.25
250732.0914,96429.4763,56199.14009,35036.38561,63107.1947,24184.55372,5645.004883,5933.494687,929.3491622,524,14.9,7.9,18.8,2.57,11.8,2.95,1.04,3.04,0.46,2.72,0.56,1.5,0.223172554,1.4,0.21
251479.9873,95476.82505,60474.31672,29729.66971,55102.65811,28264.76984,5977.063994,6053.363267,1006.794926,677,13,9.8,23,3.12,14.6,3.32,1.14,3.22,0.45,2.49,0.47,1.25,0.181630338,1.11,0.17
253536.7009,93201.04707,56276.87057,36905.79689,58604.64287,25816.64017,5229.930995,5334.15179,1006.794926,584,11.8,7.5,19.3,2.58,11.7,2.72,1.05,2.71,0.41,2.17,0.47,1.25,0.186999903,1.18,0.18
256388.054,98811.10442,56510.06202,27619.04407,59962.55533,28116.39834,5478.975328,5813.626108,851.9033987,674,16.4,11.6,28.2,3.91,17.3,3.93,1.35,3.65,0.58,3,0.59,1.67,0.244732318,1.51,0.22
256434.7974,95370.97491,55655.0267,28041.1692,59319.33364,27300.35512,5645.004883,5693.757528,929.3491622,629,16.3,11.1,28.5,3.99,17.8,3.96,1.33,3.66,0.54,2.9,0.61,1.64,0.245485016,1.55,0.23
260688.4552,93836.1479,49669.77941,28101.47279,56674.9778,27226.16937,6724.196994,5274.2175,851.9033987,609,14,9.4,25.5,3.59,16.3,3.57,1.21,3.29,0.48,2.48,0.51,1.37,0.205467372,1.3,0.2
260968.9162,98123.07851,52701.2683,23458.09639,54316.49827,27819.65535,7471.329993,5633.823238,851.9033987,692,12.1,10,22.5,3.17,13.9,3.09,1.04,3.04,0.43,2.38,0.43,1.14,0.162400582,0.97,0.15
264614.9086,96799.95178,48659.28312,21950.50664,49599.53921,30045.22778,7056.256104,4974.546051,851.9033987,688,11.8,10.6,23.2,3.2,13.6,2.89,0.97,2.84,0.4,2.24,0.42,1.12,0.163158075,1,0.16
265456.2914,99446.20525,53012.19023,18875.02357,52029.48782,28858.25582,7803.389104,5873.560398,851.9033987,745,10.2,9.6,22.6,3.32,14.9,3.38,1.1,3.18,0.43,2.22,0.38,0.95,0.130859181,0.75,0.12
267559.7486,98123.07851,48037.43924,24362.65023,51100.38982,30712.89951,6558.167438,4854.677471,851.9033987,714,11.1,9.5,21.4,3.01,13.2,2.8,0.94,2.73,0.37,2.1,0.4,1.08,0.159303494,0.99,0.16
271486.2019,95847.30053,46793.7515,21769.59588,48670.44121,29971.04203,7637.359548,4854.677471,851.9033987,657,11,11.2,24.2,3.26,13.7,2.85,0.96,2.79,0.38,2.13,0.4,1.07,0.155463296,0.95,0.15
274057.0939,96217.77602,43606.80164,22010.81023,45668.73999,29229.18456,8550.522103,4674.874602,774.4576352,595,10.1,10.7,23.6,2.99,12.7,2.79,0.9,2.64,0.35,1.94,0.37,1.01,0.150064965,0.94,0.14
275926.8336,93359.82228,41663.53954,20623.82767,45096.98738,30712.89951,7886.403881,4375.203153,774.4576352,644,9.4,10.6,23.1,3.05,12.7,2.57,0.87,2.34,0.35,1.83,0.35,0.9,0.13160229,0.81,0.13
277843.3168,93412.74735,42129.92244,22131.41741,45239.92553,32122.42872,8135.448214,4255.334574,774.4576352,629,9.8,10.9,23.7,2.97,12.6,2.74,0.89,2.57,0.34,1.81,0.35,0.91,0.133908327,0.83,0.12
295652.5873,91507.44485,34201.41305,14231.64717,36520.69818,32938.47194,10542.87677,3596.057386,697.0118717,592,8.5,12.1,27.8,3.33,13.4,2.57,0.85,2.24,0.32,1.56,0.32,0.83,0.123897923,0.78,0.12
295699.3308,91560.36992,33113.18627,13749.21845,35806.00741,33606.14367,10293.83243,3476.188807,697.0118717,594,8.1,13.3,28.3,3.52,14.4,2.8,0.95,2.48,0.34,1.78,0.33,0.85,0.131578319,0.86,0.13
296587.4571,91189.89443,34823.25693,14955.29024,36377.76002,32938.47194,10542.87677,3655.991676,697.0118717,584,8.7,12.4,26.4,3.2,12.9,2.53,0.82,2.5,0.34,1.62,0.34,0.83,0.1208296,0.74,0.11
297662.5574,92936.42172,31947.22901,13206.48614,34662.50218,31974.05722,11123.98021,3655.991676,619.5661082,571,8.4,12.8,26.8,3.17,12.6,2.52,0.82,2.32,0.29,1.5,0.28,0.75,0.111586277,0.7,0.1
297849.5314,91031.11923,32491.3424,13327.09332,34876.90941,33309.40068,10542.87677,3416.254517,697.0118717,581,8.4,13.9,32,3.9,15.5,2.92,0.93,2.49,0.35,1.68,0.34,0.89,0.134665819,0.86,0.13
297989.7619,91136.96936,33735.03015,14050.7364,35948.94556,32864.28619,10459.86199,3536.123096,697.0118717,585,8.5,10.1,26.3,3.16,12.9,2.45,0.8,2.15,0.3,1.46,0.3,0.76,0.113125233,0.71,0.11
299392.0666,90925.26909,33346.37773,13688.91486,35520.1311,33235.21493,10708.90632,3476.188807,697.0118717,587,8,11.6,24,3.26,13.2,2.49,0.84,2.14,0.3,1.57,0.3,0.78,0.117737306,0.75,0.11
300186.706,91613.29499,34978.7179,14955.29024,35377.19295,33457.77217,10542.87677,3895.728835,697.0118717,596,7.9,13.3,28,3.08,12.3,2.35,0.85,2.12,0.32,1.46,0.29,0.75,0.110052116,0.68,0.1
299532.2971,91348.66964,28915.74013,12000.41435,31732.27004,33235.21493,11040.96543,3116.583068,619.5661082,562,6.9,12.1,25.5,2.96,12.2,2.23,0.75,1.91,0.29,1.28,0.26,0.64,0.096191925,0.61,0.09
302149.9327,90766.49388,29304.39255,12121.02153,32446.96081,33977.07241,11206.99499,3176.517358,619.5661082,573,7.2,12.2,25.4,3.04,12.3,2.25,0.77,1.95,0.29,1.31,0.27,0.65,0.097730881,0.62,0.09
302336.9066,89813.84263,29459.85352,12301.9323,32161.0845,33977.07241,11290.00977,3116.583068,619.5661082,566,7.2,12.5,26.1,3.09,13,2.19,0.77,2.02,0.3,1.35,0.25,0.67,0.100041712,0.63,0.1
302897.8286,89813.84263,29304.39255,12241.62871,31875.20819,33531.95792,11539.0541,3236.451648,619.5661082,558,7.4,12.5,26.4,3.23,14.1,2.33,0.79,2.12,0.31,1.4,0.27,0.71,0.106964616,0.68,0.1
304253.3898,88755.34125,28293.89625,11940.11076,31089.04835,33828.70091,11705.08366,3056.648778,619.5661082,545,7.1,12.4,25.4,3.09,12.2,2.22,0.75,1.96,0.3,1.31,0.27,0.65,0.0969638,0.61,0.09
233810.9473,105056.2626,65915.45061,32322.72407,68324.4373,27745.46961,1992.354665,5933.494687,1161.686453,745,13.2,8.4,22.1,3.29,15.3,3.41,1.22,3.23,0.45,2.46,0.47,1.25,0.190835307,1.23,0.17
243767.3111,102621.7094,60785.23865,32081.50971,65036.85977,29154.99881,2324.413776,5873.560398,1084.240689,791,12.2,10.3,26.8,3.86,17.2,3.64,1.27,3.09,0.44,2.33,0.44,1.17,0.172387015,1.07,0.16
238571.8459,103416.8021,77119.17369,30279.47939,65934.8711,22738.92647,5775.377757,6224.270869,1171.291036,556.7236215,15.86799052,8.42932427,19.52456173,2.719603151,12.14219175,3.062392918,1.031584974,3.156524868,0.495599663,2.998377962,0.590589599,1.549389097,0.215998853,1.36785507,0.192581769
244167.7659,96829.0005,69434.15265,34142.07439,63698.05673,26714.8836,6809.254549,6294.988925,1007.097057,796.4571149,14.96953326,11.41677736,25.46439522,3.454264768,15.44949767,3.538665755,1.139378686,3.32848473,0.490349146,2.85728218,0.550253261,1.464573266,0.21079661,1.366060846,0.202418269
276198.7983,93817.38443,49426.70262,22066.70048,45873.97243,33599.42378,8050.823274,4733.862122,774.4576352,642.4891691,11.1677987,11.30258177,24.93650548,3.26092764,13.75829005,2.900476039,0.915419095,2.587859651,0.371834283,2.096942997,0.402398892,1.079552544,0.157607989,1.018117679,0.155415769
243043.6068,97508.94771,70081.66081,34367.40914,63574.3621,26769.20635,6925.546838,6144.635195,1011.955904,766.0246857,14.75789836,10.46448108,23.4988249,3.235971163,14.52280832,3.392218817,1.101062321,3.201066899,0.477172114,2.791898881,0.548511503,1.463845214,0.21175669,1.369222868,0.202258477
264561.171,95344.31438,58307.55524,24963.58077,50687.79403,32560.32813,7038.659454,5500.204151,927.0315823,656.3438924,13.20049166,10.60152835,24.65663164,3.342434874,14.80015343,3.31567893,1.039209142,3.083509089,0.443737044,2.541814698,0.481606995,1.280292511,0.186324279,1.208133788,0.181034835
259785.7646,91808.79374,63296.39349,27599.0363,56175.93619,29305.54386,8638.636196,6176.295771,1017.170064,527.6970314,17.60355023,12.0619807,27.53235814,3.714528488,16.22108267,3.712578605,1.11017121,3.619032495,0.553377,3.28555407,0.655550907,1.79663261,0.262844326,1.740856186,0.259724512
243580.3371,107384.9656,64982.6848,24483.25741,75757.22127,22329.91003,4399.783218,5214.28321,1006.794926,396,17,5.63,13.6,1.93,8.91,2.51,0.91,2.84,0.49,2.84,0.59,1.74,0.26,1.69,0.25
249937.452,96429.4763,61640.27398,32322.72407,62749.84932,25000.59694,9214.640324,4674.874602,1006.794926,686,16.1,16.4,34.5,4.37,17.3,3.14,1.2,3.16,0.49,2.79,0.57,1.67,0.25,1.66,0.23
228762.6501,96588.2515,67936.4432,48242.87175,65965.95777,18694.8084,3735.664996,5933.494687,1239.132216,393,23,9.6,21,2.9,12,3.1,1,3.4,0.5,3.4,0.7,2.1,0.3,1.9,0.3
247506.7905,94471.24873,64671.76287,23578.70357,59962.55533,33977.07241,7969.418659,7072.246193,1316.57798,390,26,19.5,39.7,5.2387225,22,5.33,1.72,4.82,0.769575101,4.53,0.866150762,2.13,0.343906269,2.34,0.32
239139.7054,99393.28018,64127.64948,24422.95382,63607.47824,27522.91236,12618.24621,5633.823238,1394.023743,568,24,20.5,47.6,6.212367058,25.7,5.77,1.55,4.54,0.690615108,3.8,0.762957317,2,0.312393634,2.06,0.29
305889.412,76794.27558,41585.80905,5005.197944,18296.08363,36202.64483,20255.60576,4674.874602,929.3491622,178,54.2,30.7,71.1,9.2,37,8.12,1.76,8.31,1.5,8.82,1.83,5.45,0.86,5.64,0.85
225490.6057,74200.94718,84959.41924,98475.76195,57246.73041,16024.12148,2490.443331,4075.531704,1316.57798,310,13,6.41,13.9,1.75,8.52,2.26,0.83,2.25,0.39,2.34,0.49,1.42,0.22,1.33,0.2
238672.2705,91983.77047,75320.8392,41307.95893,63035.72562,22700.83877,6392.137883,6233.166136,1239.132216,472,26,13.25,30.63,4.22,17.72,3.55,1.38,4.25,0.71,4,0.82,2.41,0.37,2.34,0.33
246431.6901,92142.54568,74698.99533,31659.38458,64536.57623,23739.43924,6973.241327,6832.509034,1239.132216,411,27,14.8,32.5,4.01,19.2,4.94,1.44,4.8,0.83,4.86,0.99,2.82,0.44,2.69,0.42
246478.4336,89866.7677,70657.01015,43901.01329,65894.48869,21439.68106,4731.842329,4914.611761,1161.686453,381,25,10.8,22.8,3.37,13.7,3.54,1.04,3.65,0.64,3.85,0.81,2.45,0.36,2.22,0.33
247927.4819,89284.59194,77652.75373,32805.15279,67037.99392,22997.58176,6143.09355,7132.180483,1239.132216,395,24,13.5,30.6,3.88,17.6,4.38,1.4,4.31,0.76,4.62,0.93,2.63,0.41,2.52,0.38
248114.4559,92142.54568,71434.31499,33166.97433,67609.74653,21958.98129,5229.930995,5034.480341,1161.686453,428,20,9.6,22.2,3.03,12.7,3.23,1.07,3.23,0.53,3.25,0.67,1.99,0.3,1.9,0.29
252882.292,81875.08223,87835.44716,27619.04407,59819.61717,25594.08293,8052.433437,9229.880625,1394.023743,369,29,14.2,32.5,4.39,19.6,5.03,1.53,5.24,0.91,5.17,1.04,3.32,0.49,2.99,0.47
281349.0787,82880.65855,63816.72754,13930.12922,38736.23955,32938.47194,13780.4531,7311.983352,1239.132216,351,45,27.9,60.1,7.28,33.8,8.21,2.14,7.71,1.34,7.93,1.61,4.61,0.73,4.59,0.7
298831.1447,79387.60398,55499.56573,10914.94973,29945.54312,33531.95792,18180.23632,6233.166136,1161.686453,276,49,29.8,66.3,7.67,35.2,8.52,1.94,8.26,1.38,8.35,1.69,4.96,0.8,5.08,0.78
302243.4197,75735.77419,54022.68653,8683.716914,24085.07884,33383.58642,20172.59098,6293.100426,1084.240689,232,49,28.4,64.7,7.81,37.2,8.47,2.08,8.44,1.46,8.53,1.82,5.1,0.89,5.24,0.81
310703.9917,76212.09982,48581.55263,3799.12615,18581.95993,37241.2453,21251.78309,3596.057386,1239.132216,196,46,28.1,60.4,7.76,33.1,7.7,1.9,7.72,1.34,7.71,1.6,5.13,0.78,5.01,0.83
319398.2812,76423.80009,40730.77373,7477.645121,20154.27962,35386.60161,21334.79787,3536.123096,1006.794926,182,50,36.7,80,8.89,39.1,9.19,2.03,8.33,1.48,9.13,1.88,5.72,0.91,5.85,0.88
323792.1695,74783.12295,40108.92985,2834.268715,15794.66594,38279.84577,22081.93087,3176.517358,1161.686453,197,40,29.5,53.5,7.61,33.2,7.82,1.98,6.71,1.19,7.23,1.48,4.49,0.76,5.13,0.8
325007.5003,75365.29871,34823.25693,4040.340509,16223.4804,38947.5175,21915.90131,4435.137443,851.9033987,168,54,31.5,66.7,7.88,35.1,8.36,1.78,7.79,1.41,8.74,1.8,5.44,0.87,5.8,0.91
325334.7047,74095.09704,32724.53385,3557.911791,14865.56795,38650.77451,22995.09342,3835.794545,851.9033987,153,54,35.1,73.2,8.47,37.4,8.8,1.81,8.18,1.45,8.83,1.87,5.51,0.92,5.89,0.91
328186.0578,71978.09427,31169.92417,1688.500511,12006.80488,38947.5175,23493.18209,2097.700142,1006.794926,137,60,38.5,80,9.33,41.1,9.54,1.9,8.8,1.6,9.84,2.06,6.12,1.01,6.44,1.01
328279.5447,75841.62433,36688.78855,2231.232818,13293.24826,39466.81773,23327.15253,2337.437301,1006.794926,145,38,19.17,43.72,5.88,23.32,5.12,1.89,5.51,1.01,6.19,1.29,4.12,0.69,4.79,0.74
328887.2101,73724.62156,36222.40564,2773.965125,14651.16072,39021.70324,21583.8422,2577.17446,1084.240689,155,55,32.4,68.3,8.12,36.6,8.69,1.82,7.95,1.5,9.32,1.93,5.83,0.94,6.11,0.96
331458.1022,72983.67059,36300.13613,1869.41128,12650.02657,38428.21726,23161.12298,2037.765852,1084.240689,138,54,33,70.9,9.01,37.9,8.86,1.77,8.91,1.58,9.16,1.89,6.25,1.01,6.12,1.02
332533.2025,73512.92128,33579.56918,1748.804101,12292.68119,39615.18922,23161.12298,2277.503011,1084.240689,140,61,37,78,9.18,40.6,9.65,1.85,8.76,1.62,9.99,2.11,6.29,1.03,6.67,1.04
305842.6686,77588.15162,39098.43356,4643.376406,17938.73824,36647.75932,20836.7092,4674.874602,929.3491622,176,54,32.43,74.15,9.61,39.15,8.81,1.86,9,1.57,9.47,1.93,5.74,0.93,5.95,0.88
311031.1962,75206.5235,39331.62501,4824.287175,18724.89809,37092.87381,20836.7092,4674.874602,929.3491622,190,57,30.81,69.36,9.22,36.94,8.04,1.92,8.65,1.47,8.69,1.83,5.57,0.87,5.68,0.86
310283.3003,74306.79732,38942.97259,4703.679995,18367.5527,36276.83058,21085.75354,4555.006023,929.3491622,169,56,30.64,69.88,9.04,36.94,7.9,1.82,8.56,1.49,8.91,1.85,5.6,0.87,5.69,0.85
328373.0317,74518.4976,34045.95209,3859.42974,15437.32056,38650.77451,21749.87176,4135.465994,851.9033987,161,55,32.8,69.5,8.21,36.5,8.66,1.76,7.96,1.44,8.87,1.87,5.56,0.9,5.87,0.92
271532.9454,99128.65483,55655.0267,16824.70152,49813.94644,26113.38316,1162.206888,3296.385937,851.9033987,446,19,11.33,25.81,3.34,13.72,2.68,1.07,3.11,0.51,2.92,0.61,1.89,0.29,1.99,0.3
237176.4787,97699.67796,72056.15887,38956.11893,71540.54575,21068.75232,4731.842329,5214.28321,1161.686453,438,17,7.22,16.6,2.23,9.87,2.6,0.95,3.02,0.49,2.88,0.59,1.71,0.26,1.65,0.25
249937.452,96429.4763,61640.27398,32322.72407,62749.84932,25000.59694,9214.640324,4674.874602,1006.794926,686,16,16.4,34.53,4.37,17.28,3.14,1.2,3.16,0.49,2.79,0.57,1.67,0.25,1.66,0.23
229557.2895,109290.2681,60163.39478,40825.53022,77972.76265,18694.8084,3818.679774,4075.531704,1006.794926,486,15,6.79,15.76,2.15,9.31,2.1,0.88,2.47,0.41,2.4,0.49,1.47,0.22,1.38,0.2
266391.1613,81398.75661,77264.10131,17126.21947,43167.32231,31232.19974,11373.02454,9110.012045,1548.91527,381,48,23.72,56.46,7.89,34.37,7.74,2.47,8.48,1.36,7.87,1.58,4.54,0.69,4.33,0.61
242832.4413,95953.15067,84337.57537,24302.34664,56603.50872,27745.46961,4814.857106,6772.574744,1394.023743,459,24,7.84,19,2.71,12.5,3.51,1.25,3.99,0.68,4.01,0.81,2.4,0.36,2.31,0.34
242224.7759,98123.07851,88612.752,25508.41844,58318.76656,28338.95559,4316.76844,7132.180483,1394.023743,445,24,6.96,17.37,2.61,12,2.82,1.22,3.69,0.64,3.89,0.83,2.4,0.36,2.25,0.35
240261.5492,98916.95455,89234.59588,25930.54356,58604.64287,27597.09811,4565.812773,6712.640454,1394.023743,510,24,6.46,16.11,2.39,10.91,2.48,1.19,3.49,0.61,3.61,0.74,2.27,0.34,2.14,0.31
239233.1924,103521.4356,69879.70531,28764.81228,75685.75219,22849.21026,4980.886662,5454.020369,1084.240689,494,21,8.06,18.72,2.65,11.32,2.45,1.04,3.08,0.53,3.08,0.64,1.94,0.29,1.8,0.27
243066.1587,94418.32366,76719.98792,29307.54459,66823.58669,24481.29671,5977.063994,5933.494687,1239.132216,464,22,9.62,22.11,3.04,13.26,2.73,1.14,3.37,0.58,3.44,0.7,2.03,0.31,2.02,0.29
242458.4933,93783.22283,75631.76114,36061.54663,69467.94252,21958.98129,4980.886662,6293.100426,1239.132216,404,19.3,8.86,20.2,2.76,12.7,3.3,1.11,3.35,0.6,3.44,0.69,2.21,0.32,1.93,0.32
261997.273,87114.6641,76486.79647,19719.27383,55745.8798,27745.46961,9463.684658,8510.669147,1316.57798,379,33.3,17,37,4.58,22,5.63,1.6,5.44,0.96,5.71,1.17,3.4,0.52,3.35,0.52
262324.4774,79493.45411,80839.70358,21829.89947,51386.26613,28190.58409,10127.80288,9409.683494,1394.023743,360,35.6,17.7,38.5,4.79,23,5.88,1.68,5.75,1.03,6.1,1.24,3.62,0.57,3.58,0.55
275693.1162,77958.6271,66148.64207,20925.34562,43810.544,26335.9404,16353.91121,6472.903295,1161.686453,287,39.5,22.4,50,6.48,27.9,6.8,1.51,6.56,1.16,6.82,1.37,4.41,0.69,4.14,0.67
287799.6806,80446.10536,59852.47284,12724.05742,35806.00741,31232.19974,16021.8521,6652.706165,1239.132216,295,43.9,25.5,55.3,7.33,31.5,7.83,1.83,7.76,1.35,7.71,1.61,4.98,0.75,4.7,0.73
250919.0654,83621.60952,83560.27053,29609.06253,63393.07101,24852.22545,7056.256104,7551.720511,1394.023743,392,27.3,14.5,30.8,3.8,18.3,4.69,1.5,4.71,0.81,4.84,0.99,2.86,0.44,2.76,0.42
247319.8165,79228.82877,92188.35428,28523.59792,58032.89026,23442.69624,10791.9211,11267.64648,1394.023743,351,41.5,20.5,46.4,6.34,28.7,7.43,2,7.62,1.3,7.29,1.5,4.63,0.66,4.02,0.62
250451.6305,80657.80564,91721.97137,22975.66767,56174.69426,24926.4112,12286.1871,10967.97503,1394.023743,356,45.2,22.4,50.9,6.89,31.3,7.88,2.2,8.31,1.42,7.91,1.62,5.01,0.71,4.4,0.7
256154.3365,82880.65855,88612.752,20141.39895,50814.51351,27968.02685,8882.581214,9649.420653,1394.023743,362,33.3,16,37.3,5.12,23.2,5.97,1.74,6.21,1.07,5.93,1.22,3.86,0.56,3.36,0.54
260548.2247,78382.02766,90789.20556,23035.97126,52887.11674,27597.09811,9546.699435,10428.56642,1471.469507,350,35.5,17.2,36.6,4.54,22,5.66,1.63,5.56,0.99,5.97,1.23,3.54,0.56,3.53,0.53
283686.2533,83674.53459,63583.53609,13146.18255,37378.3271,33383.58642,13448.39399,8091.129119,1394.023743,365,46.3,25.8,55.2,6.79,32.4,7.84,2.1,7.59,1.3,7.69,1.56,4.58,0.69,4.49,0.7
328186.0578,71978.09427,31169.92417,1688.500511,12006.80488,38947.5175,23493.18209,2097.700142,1006.794926,137,59.9,38.5,80,9.33,41.1,9.54,1.9,8.8,1.6,9.84,2.06,6.12,1.01,6.44,1.01
331458.1022,72983.67059,36300.13613,1869.41128,12650.02657,38428.21726,23161.12298,2037.765852,1084.240689,138,53.7,33,70.9,9.01,37.9,8.86,1.77,8.91,1.58,9.16,1.89,6.25,1.01,6.12,1.02
332533.2025,73512.92128,33579.56918,1748.804101,12292.68119,39615.18922,23825.2412,2277.503011,1084.240689,140,60.6,37,78,9.18,40.6,9.65,1.85,8.76,1.62,9.99,2.11,6.29,1.03,6.67,1.04
325007.5003,75365.29871,34823.25693,4040.340509,16223.4804,38947.5175,21915.90131,4435.137443,851.9033987,168,53.7,31.5,66.7,7.88,35.1,8.36,1.78,7.79,1.41,8.74,1.8,5.44,0.87,5.8,0.91
325334.7047,74095.09704,32724.53385,3557.911791,14865.56795,38650.77451,22995.09342,3835.794545,851.9033987,153,53.6,35.1,73.2,8.47,37.4,8.8,1.81,8.18,1.45,8.83,1.87,5.51,0.92,5.89,0.91
328373.0317,74518.4976,34045.95209,3859.42974,15437.32056,38650.77451,21749.87176,4135.465994,851.9033987,161,54.7,32.8,69.5,8.21,36.5,8.66,1.76,7.96,1.44,8.87,1.87,5.56,0.9,5.87,0.92
239466.9098,90925.26909,77885.94518,40403.40509,68324.4373,21142.93807,3984.709329,5993.428977,1239.132216,388,18.9,7.44,16.7,2.42,11.5,3.05,1.06,3.35,0.59,3.3,0.67,2.11,0.31,1.89,0.3
243253.1327,95953.15067,69568.78337,36966.10048,75685.75219,21291.30956,2988.531997,5154.34892,1161.686453,419,15.4,6.13,14.4,1.93,9.04,2.4,0.975,2.58,0.47,2.94,0.59,1.67,0.26,1.59,0.24
246057.7422,88596.56604,85736.72409,25568.72203,63964.82362,24852.22545,5977.063994,6712.640454,1316.57798,414,20.9,8.9,19.5,2.7,11.9,3.24,1.13,3.56,0.59,3.54,0.72,2.1,0.32,2.02,0.3
246057.7422,88279.01562,83560.27053,25025.98972,64250.69993,25000.59694,5894.049217,6592.771875,1394.023743,411,20,8.6,19.3,3.14,15.1,4.09,1.09,3.45,0.57,3.27,0.67,2.02,0.3,1.94,0.29
239607.1403,88543.64097,80528.78164,35217.29637,69039.12806,21662.2383,5645.004883,6652.706165,1239.132216,365,22.8,9.8,22.3,3.17,14.2,3.87,1.2,4.11,0.7,4.08,0.81,2.4,0.37,2.32,0.34
255686.9016,85103.51146,81306.08649,25448.11485,61391.93686,25668.26867,7305.300437,7551.720511,1316.57798,389,24.6,10.8,24.9,3.4,15.9,4.08,1.33,4.33,0.76,4.35,0.88,2.75,0.41,2.47,0.4
261763.5555,85421.06188,81072.89503,18935.32716,54888.25088,27003.61213,5063.90144,7491.786221,1239.132216,377,24.7,8.79,18.8,2.74,12.9,3.55,1.18,4.09,0.73,4.09,0.86,2.68,0.39,2.33,0.39
266765.1092,82880.65855,85503.53263,18030.77332,47884.28137,29822.67054,10874.93588,8091.129119,1316.57798,356,33.7,17,38.3,5.11,22.8,5.73,1.52,5.85,1.04,5.74,1.16,3.77,0.56,3.35,0.53
278077.0343,79811.00453,66537.29449,14352.25434,39379.46124,30267.78503,14029.49743,7072.246193,1161.686453,317,43.7,24.2,50.4,6.31,29.4,7.27,1.86,6.95,1.23,7.32,1.5,4.41,0.7,4.47,0.69
256902.2324,83356.98418,72755.73322,23880.22151,56031.75611,26335.9404,8052.433437,7132.180483,1239.132216,343,29.9,16.2,34.7,4.22,19.9,4.99,1.42,5.09,0.84,5.07,1.04,3.02,0.45,3,0.45
306917.7689,78911.27835,40031.19937,6211.269737,22155.41377,35609.15885,21251.78309,4315.268864,929.3491622,222,46.1,35.6,77.1,9.31,38.8,8.58,1.94,7.84,1.39,8.61,1.76,5.21,0.83,5.28,0.79
246431.6901,92142.54568,74698.99533,31659.38458,64536.57623,23739.43924,6973.241327,6832.509034,1239.132216,411,27,14.8,32.5,4.01,19.2,4.94,1.44,4.8,0.83,4.86,0.99,2.82,0.44,2.69,0.42
252882.292,81875.08223,87835.44716,27619.04407,59819.61717,25594.08293,8052.433437,9229.880625,1394.023743,369,28.6,14.2,32.5,4.39,19.6,5.03,1.53,5.24,0.91,5.17,1.04,3.32,0.49,2.99,0.47
281349.0787,82880.65855,63816.72754,13930.12922,38736.23955,32938.47194,13780.4531,7311.983352,1239.132216,351,44.8,27.9,60.1,7.28,33.8,8.21,2.14,7.71,1.34,7.93,1.61,4.61,0.73,4.59,0.7
244935.8984,91295.74457,74077.15146,36543.97535,63964.82362,23442.69624,6890.226549,6353.034716,1239.132216,406,27.5,14.4,33.4,4.57,19.2,4.39,1.45,4.64,0.76,4.53,0.9,2.73,0.42,2.6,0.36
247927.4819,89284.59194,77652.75373,32805.15279,67037.99392,22997.58176,6143.09355,7132.180483,1239.132216,395,23.9,13.5,30.6,3.88,17.6,4.38,1.4,4.31,0.76,4.62,0.93,2.63,0.41,2.52,0.37
264755.139,83515.75938,74698.99533,19598.66665,48456.03398,28561.51283,12286.1871,7851.39196,1239.132216,351,43.1,21.4,49.1,6.6,27.9,6.11,1.82,7.17,1.15,6.83,1.4,4.24,0.65,4.12,0.6
296540.7136,75100.67336,54100.41701,8804.324094,23942.14068,32938.47194,20089.5762,6233.166136,1006.794926,232,49.6,29.9,64.1,7.71,34.9,8.55,2,8.49,1.42,8.67,1.78,5.23,0.79,5.32,0.81
298223.4793,75735.77419,53089.92072,7899.770248,26515.02744,31751.49998,19259.42843,6233.166136,1161.686453,243,50.1,29.4,62.9,7.52,34.6,8.38,1.97,8.16,1.39,8.4,1.69,5.1,0.77,5.2,0.78
302243.4197,75735.77419,54022.68653,8683.716914,24085.07884,33383.58642,20172.59098,6293.100426,1084.240689,232,48.9,28.4,64.7,7.81,37.2,8.47,2.08,8.44,1.46,8.53,1.82,5.1,0.79,5.24,0.81
246478.4336,89866.7677,70657.01015,43901.01329,65894.48869,21439.68106,4731.842329,4914.611761,1161.686453,381,24.6,10.8,22.8,3.37,13.7,3.54,1.04,3.65,0.64,3.85,0.81,2.45,0.36,2.22,0.33
298831.1447,79387.60398,55499.56573,10914.94973,29945.54312,33531.95792,18180.23632,6233.166136,1161.686453,276,48.6,29.8,66.3,7.67,35.2,8.52,1.94,8.26,1.38,8.35,1.69,4.96,0.8,5.08,0.78
303832.6984,79228.82877,49902.97086,7055.519993,25514.46037,37686.35979,18512.29543,5933.494687,1161.686453,242,55.4,28.8,65.5,8.88,37.1,8.07,2.14,8.77,1.49,8.89,1.85,5.59,0.85,5.49,0.81
310703.9917,76212.09982,48581.55263,3799.12615,18581.95993,37241.2453,21251.78309,3596.057386,1239.132216,196,45.6,28.1,60.4,7.76,33.1,7.7,1.9,7.72,1.34,7.71,1.6,5.13,0.78,5.01,0.83
323792.1695,74783.12295,40108.92985,2834.268715,15794.66594,38279.84577,22081.93087,3176.517358,1161.686453,197,39.8,29.5,53.5,7.61,33.2,7.82,1.98,6.71,1.19,7.23,1.48,4.49,0.76,5.13,0.8
326643.5225,74994.82322,36766.51903,2291.536408,14150.87718,39170.07474,22995.09342,2337.437301,1084.240689,153,61.8,34.7,78.8,10.32,40.9,8.88,2,9.5,1.65,9.86,2.08,6.28,0.99,6.55,0.98
225490.6057,74200.94718,84959.41924,98475.76195,57246.73041,16024.12148,2490.443331,4075.531704,1316.57798,310,12.7,6.41,13.9,1.75,8.52,2.26,0.829,2.25,0.39,2.34,0.49,1.42,0.22,1.33,0.2
237643.9136,96747.02671,68791.47853,34011.22458,71754.95298,21217.12382,3984.709329,5573.888949,1161.686453,428,17.4,7.63,16.9,2.11,10.3,2.79,1.03,2.97,0.5,3.07,0.62,1.77,0.28,1.75,0.27
238672.2705,91983.77047,75320.8392,41307.95893,63035.72562,22700.83877,6392.137883,6233.166136,1239.132216,472,26.5,13.3,30.6,4.22,17.7,3.55,1.38,4.25,0.71,4,0.82,2.41,0.37,2.34,0.33
239560.3968,94259.54845,68636.01756,40946.13739,71183.20036,21068.75232,3320.591108,5513.954659,1239.132216,424,17.7,7.48,17.5,2.43,11.3,3.01,1.01,3.15,0.55,3.11,0.63,1.99,0.3,1.76,0.28
242551.9803,92671.79637,72600.27226,37810.35073,66752.11761,22329.91003,5728.019661,5693.757528,1161.686453,434,26.1,12.08,28.4,3.86,16.4,3.41,1.25,3.97,0.67,3.94,0.81,2.43,0.37,2.37,0.33
260688.4552,84733.03598,61562.5435,36363.06458,58247.29749,23813.62498,9131.625547,4555.006023,1084.240689,393,25.4,17.4,36.4,4.36,20.1,4.84,1.32,4.51,0.78,4.59,0.95,2.74,0.43,2.7,0.4
248114.4559,92142.54568,71434.31499,33166.97433,67609.74653,21958.98129,5229.930995,5034.480341,1161.686453,428,20,9.6,22.2,3.03,12.7,3.23,1.07,3.23,0.53,3.25,0.67,1.99,0.3,1.9,0.29
243253.1327,92089.62061,72833.46371,36121.85022,68110.03007,22255.72428,5063.90144,5873.560398,1239.132216,427,23.3,11.7,26.3,3.67,15,3.66,1.23,3.83,0.65,3.83,0.8,2.43,0.36,2.21,0.34
328279.5447,75841.62433,36688.78855,2231.232818,13293.24826,39466.81773,23327.15253,2337.437301,1006.794926,145,38,19.2,43.7,5.88,23.3,5.12,1.89,5.51,1.01,6.19,1.29,4.12,0.69,4.79,0.74
330756.9498,74042.17198,34590.06547,2291.536408,13364.71734,39021.70324,22995.09342,2337.437301,1006.794926,142,40,25,53.5,6.29,27.9,6.81,1.85,6.44,1.15,7.06,1.44,4.46,0.73,5.08,0.8
328887.2101,73724.62156,36222.40564,2773.965125,14651.16072,39021.70324,21583.8422,2577.17446,1084.240689,155,55.4,32.4,68.3,8.12,36.6,8.69,1.82,7.95,1.5,9.32,1.93,5.83,0.94,6.11,0.96
310283.3003,74306.79732,38942.97259,4703.679995,18367.5527,36276.83058,21085.75354,4555.006023,929.3491622,169,55.6,30.6,69.9,9.04,36.9,7.9,1.82,8.56,1.49,8.91,1.85,5.6,0.87,5.69,0.85
310797.4787,75206.5235,39487.08598,4824.287175,18439.02178,36870.31656,20919.72398,4674.874602,929.3491622,172,52.4,29.9,68,8.9,35.8,7.56,1.83,8.33,1.46,8.58,1.75,5.32,0.83,5.54,0.82
311031.1962,75206.5235,39331.62501,4824.287175,18724.89809,37092.87381,20836.7092,4674.874602,929.3491622,190,56.5,30.8,69.4,9.22,36.9,8.04,1.92,8.65,1.47,8.69,1.83,5.57,0.87,5.68,0.86
315892.5193,75576.99899,38165.66775,4462.465637,17652.86194,37612.17404,21749.87176,4555.006023,929.3491622,170,53.1,30.6,69.2,9.07,36.7,7.81,1.84,8.36,1.46,8.68,1.8,5.45,0.89,5.82,0.82
266391.1613,81398.75661,77264.10131,17126.21947,43167.32231,31232.19974,11373.02454,9110.012045,1548.91527,381,48.4,23.7,56.5,7.89,34.4,7.74,2.47,8.48,1.36,7.87,1.58,4.54,0.69,4.33,0.61
271532.9454,99128.65483,55655.0267,16824.70152,49813.94644,26113.38316,1162.206888,3296.385937,851.9033987,446,19.2,11.3,25.8,3.34,13.7,2.68,1.07,3.11,0.51,2.92,0.61,1.89,0.29,1.99,0.3
323091.0171,76106.24968,35367.37032,4160.947688,15937.6041,38947.5175,22497.00476,4195.400284,929.3491622,166,57,29.5,64.7,8.37,34.1,7.94,1.59,7.84,1.35,8.23,1.83,5.53,0.861014577,5.66,0.88
260127.5333,81504.60675,75787.22211,18030.77332,46383.43076,30416.15652,13199.34965,8984.150037,1332.067133,431,30,23,51.1,6.6,28.6,6,1.69,6,0.9,5.6,1.1,3.6,0.55,3.5,0.51
267466.2616,91930.8454,52312.61588,22312.32818,53387.40027,30193.59928,12120.15754,4674.874602,929.3491622,545.40627,19.10496957,13.5015213,29.37849784,4.044624746,17.39350913,3.86663286,1.128296146,3.44193712,0.540094207,3.105983773,0.60851927,1.831896552,0.283865703,1.857251521,0.266227181
268027.1835,91136.96936,49514.31844,21890.20305,52601.24043,28932.44157,13365.37921,4555.006023,929.3491622,573.2362,18.75617589,13.72900198,30.38013914,4.113117589,17.58893281,3.699357708,1.093132411,3.409090909,0.530353544,3.013833992,0.599061265,1.846590909,0.275654838,1.735424901,0.27173913
268260.9009,91666.22006,48503.82215,21588.68511,51171.8589,30045.22778,13448.39399,4495.071733,929.3491622,548.14428,19.42559075,14.29110106,30.65648611,4.179229512,17.7413273,3.827300151,1.093514329,3.475364505,0.543483957,3.110859729,0.615887381,1.904223228,0.28340999,1.778531926,0.2702363
275319.1682,92936.42172,47415.59537,20201.70254,48527.50306,31158.014,14776.63043,4495.071733,929.3491622,495.70065,19.5882643,15.58801775,33.72616001,4.4921536,19.00271203,3.944773176,1.109467456,3.661242604,0.573592189,3.291420118,0.622534517,1.910749507,0.288855025,1.842948718,0.277366864
276908.447,92089.62061,45705.52472,19116.23793,46240.4926,31528.94273,15772.80776,4375.203153,929.3491622,523.8099,20.14640748,15.92642717,34.43141683,4.563041339,18.7992126,3.998523622,1.162647638,3.592519685,0.565077914,3.260334646,0.62746063,1.913139764,0.297254996,1.950049213,0.289124016
277375.8819,89707.99249,44695.02842,18633.80921,45740.20907,31306.38549,15606.77821,4435.137443,929.3491622,514.58005,19.68543886,15.56950786,33.77566749,4.46399036,18.77853881,3.976407915,1.109842719,3.602232369,0.567313214,3.278792491,0.627853881,1.953323186,0.293310603,1.85819381,0.291730086
284340.6622,90607.71867,42984.95777,18091.0769,43310.26046,32419.17171,17018.02943,4315.268864,929.3491622,478.0433,21.13451412,16.65868837,36.2937071,4.784550024,20.18908569,4.134753471,1.124940163,3.721876496,0.59047991,3.44662518,0.664193394,2.070368597,0.313571565,2.00454763,0.311153662
289108.4984,88331.94069,39176.16404,14955.29024,36735.10541,34125.4439,19508.47276,4015.597415,851.9033987,394.44119,22.28041393,18.34300858,39.68480515,5.164923019,21.17617365,4.467440687,1.14209995,3.994194851,0.62155955,3.533568905,0.681474003,2.145381121,0.332584779,2.176930843,0.328117113
289388.9593,88543.64097,39642.54695,14955.29024,37950.07971,34718.92988,18927.36932,4015.597415,851.9033987,408.96017,21.81012658,17.63291139,38.31334975,4.997620253,20.43037975,4.373417722,1.151898734,3.873417722,0.609999125,3.525316456,0.670886076,2.151898734,0.328740221,2.120253165,0.316455696
291211.9555,87961.46521,38165.66775,14472.86152,36091.88372,34273.8154,19674.50231,3955.663125,851.9033987,400.30915,22.40589401,17.68821199,39.57391079,5.197337791,21.19861317,4.370975731,1.132986627,3.888063398,0.614321593,3.566121842,0.681030213,2.204061417,0.333971246,2.135958395,0.328132739
294670.9739,87432.21451,36377.86661,13628.61127,32304.02265,35980.08759,21334.79787,4075.531704,774.4576352,359.848446,22.86878814,18.86372359,42.4071775,5.537554538,21.92916666,4.473726455,1.124520899,4.031230361,0.631731855,3.626422709,0.759876371,2.211968145,0.34657771,2.292345626,0.351928016
300654.1409,85791.53736,31092.19369,9950.092298,26086.21298,37092.87381,23161.12298,3596.057386,774.4576352,327.229673,23.55273699,20.55427111,44.74816834,5.771311556,22.51332896,4.526223778,1.133767105,4.044474036,0.642640329,3.758720646,0.761000319,2.289831815,0.362219284,2.417905702,0.366383261
303365.2635,84997.66132,30936.73272,9467.66358,26872.37283,36276.83058,23327.15253,3476.188807,774.4576352,311.33737,25.02541942,20.2147941,44.23474002,5.784576767,22.87112354,4.715302491,1.162938485,4.225978648,0.668208841,3.882816472,0.762582613,2.357651246,0.364781968,2.383070666,0.362226741
303645.7244,85262.28667,30470.34981,9769.181529,26943.8419,36721.94507,23410.16731,3536.123096,774.4576352,316.02114,25.55238332,20.46921549,44.52463121,5.77334285,23.17527309,4.946623635,1.12959285,4.350794439,0.680623309,3.897715988,0.775819265,2.482621648,0.381112299,2.47020854,0.372393247
303739.2114,86585.4134,31247.65465,9829.485118,26515.02744,37241.2453,23742.22642,3536.123096,774.4576352,312.39199,25.17936665,20.45398318,44.7583377,5.734846611,23.34240475,4.89238001,1.144235527,4.27387432,0.677647862,3.952251361,0.742206828,2.405987135,0.36742411,2.368876794,0.371103414
303879.4419,84574.26077,32180.42046,9226.449221,25871.80575,36796.13081,23825.2412,3536.123096,774.4576352,294.48632,24.40418873,19.65575349,43.72077311,5.568223399,22.71906596,4.814636495,1.053201733,4.309099663,0.673024159,3.8456909,0.752286952,2.389263361,0.370466969,2.425373134,0.361097737
304300.1333,85050.58639,30470.34981,9467.66358,27372.65636,36276.83058,23410.16731,3536.123096,774.4576352,318.1991,24.24338759,21.13428281,45.0822933,5.755824008,22.97812818,4.590539166,1.150813835,4.215412004,0.674859613,3.986520855,0.788402848,2.409715158,0.367430482,2.365208545,0.362410987
305562.2076,86320.78806,29459.85352,9045.538452,24370.95514,37389.6168,24323.32987,3416.254517,774.4576352,307.1491,25.63506036,20.83752515,46.05885551,5.97422661,23.76131791,4.866700201,1.182092555,4.118460765,0.664212863,3.961267606,0.760814889,2.420774648,0.382675212,2.552816901,0.370975855
308834.252,85209.3616,27905.24383,7718.859479,22798.63546,38279.84577,25485.53675,3356.320227,774.4576352,273.5614,25.71029626,21.85526955,46.91276117,6.040590092,24.15614376,4.832442933,1.110976202,4.273919378,0.67987257,3.982515784,0.771005342,2.489072365,0.38538566,2.519426906,0.394609034
309488.6609,84150.86021,28838.00964,7779.163069,22655.6973,37537.98829,25236.49242,3356.320227,697.0118717,271.37319,25.78363914,21.39398573,46.74500159,6.047043833,24.00611621,4.873853211,1.095820591,4.446992864,0.702070788,4.071100917,0.783639144,2.48470948,0.38580677,2.52930683,0.395005097
311218.1701,84891.81119,28682.54867,6331.876917,20868.97039,38576.58876,25319.5072,3296.385937,774.4576352,278.37506,25.04351069,22.08478369,47.6359348,6.09801094,23.75683739,4.717802089,1.143709597,4.319990055,0.677799804,3.897314769,0.752113376,2.399303829,0.374010272,2.461461959,0.379164595
314349.9841,84468.41063,23008.22333,5367.019482,17652.86194,39318.44623,27477.89142,2996.714489,697.0118717,238.18761,25.65168818,21.84707051,47.7797482,6.06417577,23.65938431,4.80387289,1.104766634,4.257696127,0.675366762,3.941161867,0.788232373,2.507447865,0.3944548,2.619165839,0.384806356
315799.0324,84468.41063,23785.52817,5427.323071,17867.26917,39911.93221,27560.9062,3116.583068,697.0118717,239.81987,26.70565302,23.25779727,49.08850658,6.334496832,24.96954191,5.013401559,1.187865497,4.538255361,0.711997062,4.093567251,0.798001949,2.53411306,0.395596101,2.607212476,0.395955166
316453.4412,82774.80841,22697.30139,4944.894354,17366.98563,38873.33175,28806.12786,3116.583068,697.0118717,241.5915,26.79695063,22.57381413,49.22693538,6.243314376,24.66118103,5.07018393,1.083010649,4.489351404,0.71396075,4.180784124,0.798644724,2.625847047,0.40549857,2.643998064,0.405372701
317248.0806,83780.38473,22775.03187,5065.501533,16723.76394,39763.56072,27809.95053,2996.714489,697.0118717,253.1602712,25.31489407,22.34673038,48.87284701,6.263232316,23.93317112,4.834564572,1.094809857,4.216558877,0.670851156,3.930472621,0.794066003,2.416680948,0.385699956,2.596368073,0.400208814
263586.5517,100716.4069,57598.2888,19960.48818,55531.47257,29451.7418,1162.206888,4435.137443,1471.469507,456,17.9,9.51,20.26,3.22,14.71,3.74,1.25,3.82,0.57,3.35,0.67,1.9,0.283196623,1.78,0.27
250124.426,102515.8593,61795.73495,24845.07895,61534.87501,23813.62498,8882.581214,5394.086079,1161.686453,631,21.5,13.74,30.52,4.24,19.51,4.62,1.34,4.49,0.66,4.04,0.82,2.38,0.357066498,2.26,0.34
248535.1473,99287.43004,69102.40047,19116.23793,69896.75698,21662.2383,8384.492547,5154.34892,1548.91527,579,20.7,11.17,28.13,3.78,17.68,4.19,1.34,4.17,0.65,3.87,0.79,2.34,0.349376514,2.2,0.34
251479.9873,98334.77879,59930.20333,26051.15074,62749.84932,23591.06774,11290.00977,6233.166136,1006.794926,532,16.7,12.43,29.18,3.8,15.79,4.17,1.23,3.99,0.64,3.49,0.69,1.88,0.27858455,1.74,0.26
237269.9657,116117.6021,67003.67739,13930.12922,75971.6285,23145.95325,2241.398998,6233.166136,1471.469507,475,22.5,7.44,20.01,2.42,12.97,3.28,1.24,3.89,0.63,3.86,0.83,2.39,0.35400297,2.21,0.34
331317.8717,77694.00176,22153.188,3256.393843,9433.91812,25890.82592,45077.02429,2097.700142,464.6745811,496,29,24,54.92,7.2,27.76,5.74,0.6,4.98,0.79,4.91,1.06,3.38,0.541645303,3.66,0.59
241009.4451,78434.95273,67703.25175,68022.44916,70897.32406,17804.57943,3071.546775,4399.176869,1277.855098,342,12,5.6,12.5,1.74,7.9,2.1,0.73,2.3,0.4,2.4,0.5,1.4,0.22,1.3,0.21
238952.7314,76529.65023,70112.89676,69228.52096,70468.5096,17285.27919,2905.517219,4219.374,1293.344251,333,13,4.7,11,1.59,7.3,2,0.7,2.4,0.4,2.3,0.5,1.4,0.21,1.3,0.2
241430.1365,78382.02766,67547.79078,66876.68096,72183.76744,17656.20793,2988.531997,4327.255721,1277.855098,341,12,4.8,11.1,1.65,7.4,1.9,0.77,2.3,0.4,2.3,0.5,1.5,0.22,1.4,0.21
241430.1365,77799.8519,67703.25175,67359.10968,71183.20036,17582.02218,2988.531997,4321.262292,1270.110522,333,12,4.6,11,1.59,7.4,2,0.72,2.2,0.4,2.3,0.5,1.4,0.21,1.4,0.2
240635.4971,78487.8778,67780.98223,67057.59173,72326.70559,17804.57943,3071.546775,4303.282006,1301.088827,343,13,6.9,14.9,2.02,8.8,2.3,0.79,2.5,0.4,2.4,0.5,1.5,0.22,1.5,0.21
240869.2146,79070.05356,68247.36514,67419.41327,71326.13852,17582.02218,2988.531997,4297.288577,1270.110522,335,12,4.7,11,1.52,7.4,2,0.7,2.3,0.4,2.3,0.5,1.4,0.22,1.4,0.21
240869.2146,77905.70204,67081.40788,67479.71685,70468.5096,18249.69391,3154.561553,4405.170298,1239.132216,341,12,4.9,11.4,1.66,7.7,2.1,0.71,2.3,0.4,2.3,0.5,1.5,0.22,1.4,0.22
234325.1257,77429.37641,76953.17937,65550.00198,71469.07667,17359.46494,3237.57633,4393.18344,1347.556285,349,13,4.9,11.8,1.64,7.7,2.1,0.76,2.6,0.4,2.7,0.5,1.5,0.23,1.5,0.23
238578.7835,81928.0073,68014.17369,66695.77019,70111.16421,18027.13667,3237.57633,4483.084875,1277.855098,340,16,5.1,12,1.62,7.7,2,0.74,2.2,0.4,2.4,0.5,1.4,0.21,1.3,0.2
236662.3003,80869.50592,66226.37255,65248.48404,69753.81883,17952.95092,3237.57633,4441.130872,1285.599674,339,13,5.7,12.8,1.78,8.3,2.1,0.76,2.3,0.4,2.4,0.5,1.5,0.22,1.4,0.21
239840.8578,83621.60952,66925.94691,62655.42968,70539.97867,18694.8084,3320.591108,4644.907457,1231.38764,356,13,5.6,12.9,1.79,8.7,2.1,0.75,2.3,0.4,2.5,0.5,1.6,0.23,1.4,0.22
240495.2667,84997.66132,67314.59933,61449.35789,70111.16421,18917.36564,3486.620663,4734.808892,1231.38764,355,12,6.1,13.7,1.93,8.9,2.3,0.81,2.5,0.4,2.6,0.5,1.5,0.23,1.5,0.22
234932.7911,72136.86948,71900.6979,70917.02147,64179.23085,17136.9077,2988.531997,3104.59621,1223.643064,328,11,4.6,10.7,1.51,7.1,1.9,0.67,2.3,0.4,2.2,0.5,1.5,0.21,1.3,0.2
232829.334,80181.48002,73299.84661,65670.60916,71612.01482,16840.16471,3071.546775,4513.05202,1270.110522,346,12,4.7,11.5,1.67,7.4,2.2,0.76,2.5,0.4,2.7,0.6,1.6,0.24,1.6,0.24
236428.5828,76476.72516,68636.01756,64283.6266,72684.05097,17507.83644,3237.57633,4177.419997,1254.621369,344,13,4.5,11.2,1.61,7.6,2.2,0.78,2.5,0.4,2.6,0.5,1.5,0.23,1.6,0.24
237456.9397,75365.29871,73843.96,69047.61019,64107.76177,18398.06541,3403.605886,3446.221662,1246.876793,363,13,5.6,12.5,1.8,7.8,2,0.7,2.4,0.4,2.4,0.5,1.5,0.22,1.4,0.21
236241.6089,76053.32461,73377.5771,65911.82352,64250.69993,18398.06541,3237.57633,3362.313656,1208.153911,351,12,5.1,11.9,1.69,7.8,2.2,0.74,2.4,0.4,2.5,0.5,1.5,0.22,1.4,0.2
241243.1625,76476.72516,71667.50644,63620.28712,66180.365,19288.29438,3486.620663,3428.241375,1208.153911,354,13,5.1,11.9,1.72,7.9,2.1,0.72,2.3,0.4,2.4,0.5,1.4,0.23,1.5,0.22
243580.3371,75047.74829,70346.08821,62052.39378,66323.30315,18991.55139,3486.620663,3362.313656,1200.409335,345,12,5.2,12,1.73,8.1,2.1,0.77,2.5,0.4,2.5,0.5,1.5,0.23,1.5,0.22
240261.5492,74518.4976,70890.2016,65308.78763,65751.55054,18991.55139,3403.605886,3320.359653,1208.153911,344,12,5.3,12.2,1.76,8.2,2.1,0.77,2.3,0.4,2.5,0.5,1.5,0.22,1.4,0.22
240915.9581,76476.72516,70268.35773,59941.76814,66895.05576,19585.03737,3486.620663,3434.234804,1208.153911,364,14,5.6,12.8,1.83,8.7,2.3,0.79,2.5,0.4,2.6,0.5,1.6,0.22,1.3,0.2
239792.1316,100217.9334,71094.4787,30608.19023,68887.41484,25053.18029,7592.764159,6746.779158,1011.915214,487.3243465,18.65842114,28.62794063,58.2811797,6.99816442,26.718071,4.977723385,1.373908187,4.310214157,0.619601917,3.42168223,0.674083462,1.853719468,0.280851356,1.916704958,0.291908496
249890.7086,99234.50497,69724.24434,24965.68613,55031.18904,28116.39834,9048.610769,6772.574744,1169.431029,546,22.88,12.45,28.25,3.907,17.31,4.412,1.383,4.389,0.714,4.33,0.895,2.478,0.349,2.17,0.334
255312.9536,101669.0582,59619.28139,16462.87998,60462.83886,28784.07007,9463.684658,7012.311903,1053.262384,552,24.28,12.42,29.38,4.06,18.18,4.719,1.429,4.622,0.758,4.707,0.973,2.59,0.375,2.257,0.356
272047.1238,92830.57158,56587.79251,14834.68306,45239.92553,32048.24297,11290.00977,6472.903295,1053.262384,450,27.63,14.94,33.62,4.681,20.46,5.028,1.51,5.138,0.846,5.135,1.076,2.936,0.423,2.716,0.421
257790.3587,93677.37269,61951.19592,30634.22356,54245.02919,25074.78269,10459.86199,5873.560398,1076.496113,444,23.14,13.6,31.76,4.326,18.54,4.397,1.246,4.487,0.734,4.535,0.918,2.46,0.359,2.262,0.361
274244.0679,90925.26909,55577.29621,17367.43383,42095.28616,29674.29904,14278.54176,5933.494687,1084.240689,393,31.11,17.44,38.31,5.445,23.38,5.523,1.441,5.664,0.927,5.748,1.186,3.243,0.477,3.02,0.483
241289.906,98705.25428,76098.14404,28463.29433,62249.56578,27226.16937,6475.15266,7791.45767,1339.811709,492,25.12,10.48,24.66,3.505,16.13,4.257,1.445,4.654,0.765,4.733,0.973,2.673,0.391,2.441,0.393
267092.3136,92513.02117,62028.9264,20865.04203,47598.40506,28635.69858,12369.20188,6472.903295,1146.1973,409,29.92,16.05,36.02,5.084,22.15,5.405,1.434,5.468,0.916,5.621,1.161,3.116,0.461,2.881,0.462
254378.0838,98599.40414,64594.03238,21226.86357,56031.75611,29822.67054,7803.389104,6952.377613,1099.729842,540,21.59,11.94,27.84,3.854,17.2,4.318,1.398,4.353,0.702,4.189,0.853,2.283,0.327,1.998,0.313
263913.7562,93730.29776,59075.168,21528.38152,46740.77614,30267.78503,10957.95066,6353.034716,1099.729842,438,26.21,15.51,35.75,4.864,21.18,5.225,1.545,5.082,0.836,5.094,1.008,2.749,0.402,2.541,0.408
236615.5568,91189.89443,67858.71272,49087.122,64250.69993,21810.6098,5561.990106,6353.034716,1239.132216,416,25,12.4,30,4,17,4,1.2,4.2,0.7,4,0.9,2.4,0.3,2.2,0.3
246291.4597,88014.39027,70268.35773,34614.26048,66823.58669,24332.92522,6558.167438,7437.845361,1277.855098,433,25,10.1,24.8,3.52,16.3,4.2,1.27,4.7,0.8,4.9,1,2.9,0.41,2.7,0.41
247787.2514,99763.75566,70501.54918,24242.04305,69682.34975,24629.66821,5229.930995,5993.428977,1161.686453,466,21.8,7.11,17.2,2.52,11.8,3.11,0.989,3.41,0.556,3.55,0.742,2.07,0.314,2.07,0.314
249563.5041,91031.11923,78041.40615,27619.04407,65965.95777,25668.26867,5478.975328,6472.903295,1394.023743,450,21.2,7.72,19.8,2.74,12.9,3.38,1.08,3.7,0.614,3.88,0.811,2.28,0.342,2.28,0.346
257369.6673,87643.91479,79440.55487,23639.00716,57889.9521,28116.39834,6724.196994,7072.246193,1239.132216,438,25.4,8.83,21.8,3.11,14.7,3.86,1.19,4.17,0.689,4.4,0.916,2.57,0.387,2.58,0.39
240168.0622,98652.32921,67858.71272,37810.35073,72969.92728,22700.83877,5146.916217,5334.15179,1006.794926,618,16,7.18,16.6,2.38,10.8,2.75,0.927,2.85,0.443,2.73,0.559,1.54,0.228,1.5,0.225
240448.5232,84150.86021,84182.1144,44383.44201,66966.52484,21662.2383,5312.945773,7072.246193,1239.132216,397,25,7.99,19.6,2.91,13.7,3.65,1.11,3.99,0.655,4.14,0.869,2.4,0.36,2.38,0.356
327204.4444,75947.47447,16634.32362,3919.733329,14937.03702,33235.21493,23908.25598,1917.897273,309.7830541,115,16.5,19.8,38,4.429781289,15.3,3.331813394,0.65,3.2,0.481023614,2.6,0.604192835,1.85,0.273967682,1.71,0.261279503
231380.2857,90237.24319,62573.03979,52162.60508,81474.7474,21439.68106,747.1329993,6412.969006,1161.686453,88,24.7,1.75,5.8,1.180202826,7.3,2.509587976,1.01,3.6,0.642040793,4.3,0.937882622,2.7,0.390204387,2.37,0.362124224
231380.2857,90766.49388,60862.96914,50293.1938,81474.7474,21736.42405,1079.19211,6353.034716,1006.794926,88,25.5,1.85,6.5,1.202728626,7,2.447866424,1,3.6,0.642040793,4.3,0.920820122,2.6,0.387855202,2.44,0.372819876
239326.6793,87220.51424,57520.55832,44805.56713,68967.65899,25223.15419,3984.709329,7371.917642,929.3491622,145,29,5.8,15.4,2.312985532,11.3,3.328160721,1.14,4.3,0.734882849,4.7,0.982272866,2.7,0.420120536,2.76,0.421714286
236054.6349,85738.61229,56820.98396,46554.37123,66823.58669,26187.56891,3735.664996,7072.246193,929.3491622,140,26,5.6,14,2.217168069,11.4,3.318065537,1.12,4.1,0.702067349,4.5,0.960077744,2.7,0.402477679,2.53,0.386571429
322062.6603,75947.47447,19277.16008,3738.82256,14293.81533,33161.02918,22413.98998,1977.831562,309.7830541,115,17,19.6,37,4.354087977,15.3,3.331813394,0.65,3.1,0.479290661,2.7,0.623821646,1.9,0.279361219,1.73,0.264335404
242598.7238,93677.37269,48426.09166,38172.17227,73184.33451,25519.89718,4814.857106,6532.837585,851.9033987,144,24.5,5.7,14.5,2.153482996,10.4,3.090420574,1.07,3.8,0.660181497,4.3,0.920820122,2.6,0.380951475,2.35,0.359068323
303365.2635,84680.11091,27205.66947,9829.485118,28015.87805,29229.18456,17350.08854,4495.071733,464.6745811,172,20,17.2,34,4.198080252,16,3.773758118,0.9,3.6,0.56866681,3.3,0.724532012,2.1,0.310907415,1.94,0.29642236
243066.1587,87326.36437,53400.84265,51861.08713,68610.3136,23665.25349,3237.57633,5813.626108,929.3491622,120,23.5,5.2,12.5,1.931024163,9.7,2.858777804,0.98,3.6,0.620028598,4,0.870464939,2.5,0.36786316,2.28,0.348372671
264053.9866,96270.70109,56510.06202,18754.41639,53315.9312,19436.66587,23410.16731,5334.15179,1084.240689,478,30,34,62.7,7.2,27.4,5.6,1.41,5.04,0.8,4.41,0.9,2.64,0.39,2.47,0.37
298644.1708,87855.61507,39409.3555,11095.8605,36449.2291,27003.61213,20504.65009,3596.057386,542.1203446,472,21,41,69.4,7.3,26,4.5,1.29,3.74,0.54,2.99,0.61,1.82,0.28,1.83,0.29
222171.8178,97858.45317,85503.53263,36001.24304,78758.92249,17136.9077,8467.507325,6233.166136,1471.469507,769,22,34,61.8,7.1,26.7,5.4,1.51,4.83,0.68,3.85,0.79,2.16,0.32,1.99,0.29
250685.3479,99393.28018,62417.57882,26533.57946,63607.47824,21958.98129,11622.06888,4315.268864,1239.132216,498,20,21.5,40,4.8,17.9,3.6,1.09,3.47,0.52,3.03,0.62,1.84,0.27,1.73,0.26
289435.7028,88755.34125,39953.46889,15075.89742,39165.05401,24258.73947,22663.03431,3536.123096,619.5661082,375,29,30,58.3,6.8,25.4,5.3,1.18,4.94,0.76,4.46,0.97,2.81,0.43,2.78,0.42
365861.3124,65203.6854,4663.829053,1386.982563,10505.95427,23071.76751,31296.57119,719.2114773,77.44576352,218,8,42.3,59,5,13.7,1.8,0.38,1.21,0.17,0.97,0.2,0.61,0.1,0.74,0.12
246852.3816,97223.35234,64827.22383,30815.13433,66823.58669,20549.45209,10874.93588,4375.203153,1161.686453,493,20,21.8,41.9,4.9,18.4,3.8,1.08,3.45,0.52,3.12,0.67,1.89,0.29,1.85,0.28
314536.9581,80763.65578,31480.84611,11638.59281,30231.41943,21958.98129,26315.68453,2936.780199,542.1203446,338,18,40.8,64.3,6.3,20.5,3.6,0.87,3.03,0.46,2.77,0.58,1.67,0.26,1.74,0.27
278123.7778,87167.58917,60707.50817,13628.61127,46812.24522,25371.52568,15025.67476,6293.100426,1084.240689,274,28,14.9,31.2,3.9,16,4,1.11,4.37,0.72,4.54,0.99,2.88,0.44,2.85,0.43
286584.3498,90872.34402,47648.78682,18211.68408,47598.40506,23294.32475,9878.758546,3176.517358,929.3491622,238,16,7.5,15.6,1.9,7.8,2,0.64,2.26,0.38,2.44,0.55,1.61,0.26,1.71,0.26
239186.4489,110348.7695,62573.03979,18392.59485,74756.6542,21884.79555,10376.84721,5693.757528,1084.240689,609,25,31.5,61.2,7.2,27.4,5.6,1.48,4.91,0.73,4.3,0.9,2.45,0.37,2.31,0.34
294904.6914,95688.52533,30548.0803,12181.32512,41880.87893,25890.82592,21085.75354,2457.305881,464.6745811,365,11,20.4,39.1,4.2,14.6,2.7,0.72,2.27,0.34,1.94,0.39,1.06,0.16,1.06,0.16
243860.7981,93412.74735,50835.73668,41669.78047,69110.59714,21365.49531,11539.0541,4135.465994,929.3491622,526,17,24.8,44.5,4.98,18.3,3.63,1.04,3.29,0.48,2.9,0.6,1.7,0.26,1.64,0.24
272047.1238,94630.02394,44928.21988,12724.05742,45311.39461,26781.05489,35862.38397,3715.925966,1239.132216,882,27,74.4,128.2,13.4,48.2,8.5,2.28,7.05,0.94,4.72,0.83,2.46,0.34,2.25,0.35
246665.4076,89602.14235,68091.90417,45046.78149,48598.97213,34199.62965,2075.369442,6892.443324,774.4576352,173,23,8.9,19.5,2.6,11.2,3,1.01,3.47,0.59,3.77,0.81,2.3,0.34,2.18,0.32
260875.4292,91613.29499,63816.72754,22855.06049,53887.68381,24481.29671,15108.68954,5214.28321,1471.469507,794,24,37.8,68.1,7.7,29.1,5.4,1.56,4.96,0.72,3.81,0.77,2.28,0.34,2.16,0.33
280881.6438,90607.71867,46871.48198,16462.87998,44954.04922,24629.66821,22164.94565,3835.794545,1239.132216,768,22,56.5,96.4,10.1,34.2,5.7,1.68,4.98,0.67,3.53,0.7,2.05,1.92,2.08,0.31
284480.8927,91242.8195,39953.46889,19538.36306,50743.04444,20772.00933,18014.20676,4015.597415,774.4576352,362,25,26.7,49.1,5.7,20.8,4.2,0.94,4.11,0.64,3.92,0.84,2.39,0.36,2.34,0.35
336973.8343,78593.72794,15623.82733,2412.143587,15008.5061,29229.18456,32126.71897,2457.305881,232.3372906,213,32,38.6,75.4,8.4,30.3,6.2,1.13,5.65,0.89,5.17,1.08,2.95,0.44,2.71,0.4
283312.3054,91983.77047,42907.22729,13688.91486,43667.60584,26187.56891,25236.49242,3356.320227,1006.794926,702,20,54.3,91.8,9.3,32.8,5.4,1.59,4.83,0.64,3.33,0.63,1.82,0.26,1.75,0.28
267606.492,93201.04707,54255.87798,18151.38049,52386.8332,24629.66821,22164.94565,4075.531704,1161.686453,722,20,45.1,76.9,8.2,29.5,5.4,1.57,4.54,0.62,3.31,0.63,1.83,0.27,1.7,0.27
218572.5689,77588.15162,78663.25002,44684.95995,74828.12327,21588.05255,5146.916217,10668.30358,1239.132216,387,24,6.71,17.5,2.67,13.6,4.16,1.4,4.51,0.8,5.04,1.01,2.98,0.45,2.81,0.44
221564.1524,77535.22655,72056.15887,46011.63893,69467.94252,22626.65302,6060.078772,10368.63213,1161.686453,235,25,6.9,17.5,2.65,13.9,4.1,1.38,4.51,0.79,5.02,1.01,2.89,0.44,2.84,0.43
225397.1187,77905.70204,79906.93777,45891.03175,67037.99392,24703.85395,7139.270882,11027.90932,1394.023743,330,25,6.9,17.6,2.7,13.7,4.2,1.44,4.47,0.81,5.02,0.98,2.91,0.44,2.77,0.44
245263.1028,67373.61324,70734.74063,50232.89021,53458.86935,30193.59928,3154.561553,6952.377613,1394.023743,260,23,3.57,9.81,1.61,8.42,2.9,0.92,3.6,0.68,4.34,0.89,2.7,0.41,2.66,0.41
237082.9917,71078.36809,79207.36341,41669.78047,69896.75698,26039.19741,3818.679774,11147.7779,1394.023743,157,32,6.16,16.4,2.59,13.7,4.36,1.43,5.17,0.95,6.13,1.24,3.7,0.54,3.49,0.56
238251.579,61922.3311,83404.80956,46433.76406,59533.74087,25000.59694,2158.38422,8990.143466,1781.252561,246,30,4.08,11,1.75,9.62,3.37,1.04,4.3,0.82,5.55,1.17,3.55,0.53,3.49,0.57
238578.7835,69014.29039,76098.14404,40524.01227,67895.62284,28190.58409,747.1329993,9289.814915,1394.023743,82,30,4.61,13,2.13,11.5,3.65,1.24,4.52,0.83,5.42,1.14,3.34,0.51,3.33,0.52
244094.5155,70178.64191,54333.60846,57469.32097,56532.03965,33309.40068,498.0886662,7192.114773,1858.698324,139,23,2.19,6.73,1.16,6.88,2.58,0.7,3.38,0.64,4.28,0.92,2.7,0.41,2.7,0.44
241570.367,66050.48651,66692.75545,61147.83994,58247.29749,29600.1133,747.1329993,7491.786221,1781.252561,127,24,2.53,7.42,1.32,7.33,2.76,0.87,3.62,0.67,4.58,0.96,2.9,0.45,2.97,0.48
232782.5905,68485.0397,55344.10476,62595.12609,64036.2927,27597.09811,415.0738885,7611.654801,2091.035615,131,22,2.22,6.74,1.16,6.74,2.57,0.74,3.32,0.66,4.4,0.92,2.85,0.45,2.9,0.47
238158.092,70496.19233,63894.45802,49871.06867,56746.44688,35386.60161,664.1182216,6712.640454,1548.91527,130,21,2.11,6.59,1.15,6.38,2.38,0.71,3.22,0.61,4.15,0.86,2.62,0.41,2.52,0.42
221377.1784,77958.6271,70890.2016,52886.24815,83118.53617,14466.22078,2407.428553,5993.428977,1316.57798,129,21,2.03,6.37,1.13,6.16,2.15,0.79,3.12,0.6,4.1,0.86,2.54,0.37,2.39,0.38
269336.0013,92036.69554,57054.17541,20201.70254,53887.68381,24481.29671,11705.08366,4854.677471,1394.023743,684,24,22.4,43.7,5.5,22.1,4.6,1.4,4.27,0.66,3.64,0.75,2.19,0.32,2.04,0.31
304907.7987,85262.28667,36999.71049,9105.842042,30874.64112,23591.06774,27311.86186,4435.137443,851.9033987,338,33,41,73.9,8.7,32.2,6.3,1.52,5.78,0.88,4.98,1,3,0.43,2.85,0.43
258070.8197,97276.27741,54644.5304,27739.65125,63821.88547,18472.25115,12452.21665,4555.006023,1006.794926,588,27,36.8,59.1,6.9,26,4.8,1.31,4.39,0.64,3.62,0.76,2.28,0.33,1.16,0.33
342910.2578,76212.09982,15623.82733,3256.393843,23799.20253,23220.139,21998.91609,1558.291534,387.2288176,168,17,13,24.6,2.6,9.3,2,0.55,2.13,0.36,2.26,0.5,1.47,0.24,1.58,0.24
322857.2997,79281.75384,17955.74185,7899.770248,14436.75349,21439.68106,54872.76806,1738.094403,387.2288176,46,15,19.1,40.6,4.7,17.1,3.9,0.57,3.28,0.5,2.55,0.45,1.14,0.17,1.04,0.15
356232.153,70231.56698,10804.53731,904.5538452,15294.38241,25297.33994,25568.55153,839.0800568,154.891527,97,26,21.5,42.2,4.8,17.4,3.8,0.7,4.1,0.69,4.31,0.91,2.65,0.4,2.63,0.39
236288.3524,90713.56881,74698.99533,42272.81637,66323.30315,24036.18223,6973.241327,6293.100426,1161.686453,152,16,3.4,8,1.2,5.7,1.8,0.66,2.22,0.38,2.48,0.55,1.58,0.24,1.52,0.23
259426.3809,77799.8519,51923.96345,30996.0451,16938.17117,35460.78736,21334.79787,3116.583068,929.3491622,76.8,16.8,8.98,19.14,2.22,9.35,2.23,0.54,2.6,0.42,2.81,0.59,1.81,0.27,1.72,0.27
303832.6984,78329.10259,32646.80337,12362.23588,33804.87326,21958.98129,21500.82742,4734.808892,697.0118717,268,15.9,21.73,39.95,4.41,16.9,3.23,0.72,3.16,0.44,2.64,0.53,1.64,0.24,1.59,0.26
252414.8571,96852.87685,55965.94863,19839.88101,61463.40594,26929.42638,17599.13287,4255.334574,1394.023743,559,19.5,32,64,7.99185553,31,2.3,1.3,4.5,0.33,3.2,0.696371951,2,0.307024068,1.99,0.304062112
276254.0381,86797.11368,41896.73099,21166.55998,47884.28137,27819.65535,22330.9752,4674.874602,619.5661082,1225,13.8,28.5,59,7.613388972,31,6.702109285,1.28,3.8,0.520770928,2.4,0.471091463,1.2,0.177003882,1.1,0.168074534
243066.1587,68326.26449,112242.8192,26412.97228,61606.34409,18175.50816,9214.640324,21876.01577,1626.361034,472,31,14,29,3.921145423,17,3.5,0.91,2.8,0.37,2.4,0.522278963,1.5,0.227007958,1.45,0.221552795
229043.1111,91031.11923,67470.0603,38353.08304,82189.43817,19585.03737,10127.80288,5513.954659,1316.57798,655,18,19.5,42.5,5.602961366,23.5,5.26,1.26,4,0.59027342,3.1,0.65114939,1.8,0.270875388,1.72,0.27
324727.0393,82986.50869,23552.33672,9407.35999,29230.85236,28858.25582,11871.11321,2169.62129,472.4191575,397.6,9.7,18.3,30.9,3.571518514,12.14,2.12,0.69,1.87,0.28,1.52,0.3,0.79,0.12,0.89,0.13
333561.5593,78911.27835,5829.786316,6814.305634,34090.74957,27597.09811,24406.34464,2289.489869,294.2939014,372.5,13.1,16.74,28.45,3.338349988,11.67,2.19,0.5,2.08,0.32,1.86,0.39,1.1,0.18,1.18,0.2
325287.9612,83092.35883,20132.19541,7658.55589,30588.76481,27819.65535,14776.63043,2079.719855,549.864921,380.4,11,18.56,32.4,3.794712748,13.22,2.38,0.72,2.05,0.29,1.68,0.33,0.86,0.13,0.85,0.14
321268.0209,84627.18584,23085.95381,9045.538452,30731.70297,27077.79788,12950.30532,2511.246741,495.6528865,237.1,12.6,18.07,31.43,3.739565947,13.4,2.48,0.76,2.26,0.34,1.87,0.36,0.88,0.13,0.8,0.12
335805.247,80657.80564,17100.70653,4462.465637,23155.98084,29080.81306,12701.26099,1588.258679,340.7613595,289.2,8.3,15.9,27.56,3.187726923,10.85,1.88,0.64,1.53,0.22,1.19,0.22,0.54,0.08,0.45,0.06
324960.7568,82457.258,22230.91848,8502.806145,29874.07405,27893.8411,13033.3201,2211.575293,573.0986501,320.2,10.7,20.28,34.35,3.950437244,13.3,2.36,0.72,1.98,0.3,1.68,0.33,0.87,0.14,0.87,0.14
324586.8089,84680.11091,21298.15267,8623.413325,28230.28528,28413.14133,14942.65999,2175.614719,480.1637338,488.7,9.7,18.88,33.1,3.884249489,13.58,2.31,0.72,1.86,0.26,1.35,0.25,0.6,0.09,0.53,0.08
328326.2882,83992.08501,19199.4296,7718.859479,30017.0122,27893.8411,12618.24621,1935.87756,480.1637338,546.1,8.9,12.82,21.75,2.570268258,9.1,1.67,0.59,1.5,0.22,1.25,0.24,0.62,0.09,0.6,0.1
248067.7124,85579.83709,89079.13491,29548.75894,55817.34888,26558.49764,9380.66988,9050.077755,1006.794926,261.2,25.1,12.6,26.3,3.4,14.8,3.89,1.33,4.41,0.72,4.31,0.85,2.38,0.34,2.15,0.31
241476.88,86003.23764,86514.02893,34976.08202,61534.87501,26261.75465,7969.418659,10009.02639,851.9033987,288.8,22.6,9.7,21.3,2.8,13.1,3.72,1.39,4.25,0.7,4.11,0.78,2.15,0.29,1.83,0.26
253723.6749,87326.36437,83093.88762,22432.93536,56817.91595,26929.42638,10625.89155,9169.946335,1239.132216,266.3,28.8,13.7,27.7,3.5,15.5,4,1.37,4.65,0.76,4.59,0.92,2.58,0.36,2.23,0.33
329307.9016,85209.3616,22308.64897,5970.055379,19511.05793,26484.3119,22164.94565,2996.714489,232.3372906,304.8,24.1,16.1,32.3,4.09,17.4,4.26,1.43,4.57,0.73,4.32,0.83,2.32,0.33,2.04,0.29
255827.132,89337.51701,70734.74063,32021.20612,52243.89505,25148.96844,12535.23143,8450.734858,1006.794926,304.6,22.6,15.6,30.2,3.9,16.3,4.26,1.43,4.61,0.75,4.5,0.89,2.3,0.32,1.93,0.3
259332.894,89019.96659,72988.92468,27257.22254,51028.92074,25297.33994,12452.21665,8210.997699,1084.240689,300.7,19.8,14.2,27.6,3.5,14.5,3.79,1.28,4.02,0.67,4.02,0.79,2.07,0.29,1.75,0.27
278731.4432,85209.3616,59619.28139,23096.27485,40237.09016,25816.64017,19176.41365,6233.166136,697.0118717,364.4,15.8,29,56.7,6.2,22.8,4.43,1.17,3.72,0.55,2.98,0.54,1.46,0.2,1.24,0.17
262137.5035,89602.14235,71434.31499,26352.66869,47669.87414,25742.45442,13199.34965,8210.997699,1006.794926,294,20.4,13.7,26.1,3.3,13.7,3.62,1.23,3.98,0.67,4.05,0.8,2.14,0.3,1.83,0.29
256762.0019,88967.04152,75787.22211,28101.47279,51672.14243,26929.42638,10625.89155,8210.997699,1084.240689,275.2,20,11.3,21.9,2.8,12,3.41,1.2,3.84,0.65,3.96,0.79,2.11,0.29,1.79,0.28
254752.0317,100028.381,38865.24211,27498.4369,68181.49914,25223.15419,8467.507325,4914.611761,774.4576352,582,16,15.1,30.2,3.72,14.5,2.84,0.85,2.69,0.41,2.54,0.55,1.6,0.23702795,1.48,0.25
248207.9428,89178.7418,58297.86316,38714.90458,66609.17946,22700.83877,4814.857106,4375.203153,1161.686453,232,16.2,10.6,20.5,2.5,9.65,2.13,0.66,2.14,0.35,2.25,0.51,1.6,0.241630435,1.54,0.26
268775.0793,96111.92588,53167.6512,16583.48716,50099.82274,25148.96844,13863.46788,3536.123096,1316.57798,585,22,11.4,24,3.339615408,15,3.743271238,1,3.246261318,0.536581467,3.3,0.741594512,2.2,0.330899457,2.1,0.320869565
266437.9047,94735.87408,50680.27571,14171.34358,50743.04444,25890.82592,19259.42843,4854.677471,697.0118717,550,27,15.9,24,3.898039916,20.5,5.225336292,1.45,4.603264548,0.740377815,4.4,0.966042683,2.8,0.40175854,2.42,0.369763975
258491.5111,95794.37546,44306.376,25327.50767,52958.58581,26410.12615,15772.80776,3655.991676,1006.794926,2622,16.4,169,282,25.8,77.6,8.73,1.72,4.19,0.52,2.61,0.52,1.55,0.235469818,1.51,0.24
261857.0425,97646.75289,39409.3555,25146.5969,50242.7609,27151.98363,16519.94076,3236.451648,851.9033987,2743,14,164,271,24.5,72.4,7.75,1.55,3.68,0.46,2.25,0.43,1.33,0.205448195,1.34,0.21
231099.8247,78699.57808,62184.38737,65610.30557,72684.05097,19139.92288,7222.28566,5034.480341,1239.132216,494,15.3,14.9,29.3,3.4,13.7,3.23,1.16,3.51,0.56,2.83,0.62,1.73,0.23,1.63,0.27
223106.6876,83833.3098,66381.83352,66333.94865,63678.94731,16840.16471,5728.019661,5813.626108,1316.57798,609,20.6,23.9,45.2,5.32,21.1,4.51,1.59,4.49,0.72,3.79,0.81,2.26,0.3,1.88,0.36
239981.0882,87590.98972,59075.168,53006.85533,66466.2413,22404.09578,7720.374326,5094.414631,1161.686453,499,19.1,11.4,23.7,3.07,13.1,3.27,1.19,3.76,0.61,3.39,0.72,2.2,0.3,2.2,0.33
241430.1365,88331.94069,63894.45802,48664.99687,64179.23085,22775.02452,6558.167438,5573.888949,1239.132216,470,22.4,10.6,21.4,2.72,12.7,3.14,1.13,3.85,0.61,3.93,0.83,2.67,0.35,2.45,0.4
242692.2108,90396.01839,65993.1811,40282.79791,73684.61805,23961.99648,8135.448214,6412.969006,1239.132216,635,22,18.98,42.65,4.935068098,16.81,4.15,1.29,3.73,0.601736722,3.59,0.739652439,2,0.297052019,1.86,0.37
238251.579,90343.09332,67003.67739,46433.76406,74399.30881,17433.65069,6226.108327,5454.020369,1316.57798,437,22.2,8.9,19.1,2.44,10.8,2.87,1.17,3.62,0.64,3.96,0.83,2.66,0.34,2.51,0.39
227968.0108,102039.5336,76642.25743,25870.23997,72826.98913,17433.65069,7222.28566,6293.100426,1548.91527,639,20.2,10.8,24,3.22,14.7,3.75,1.41,4.1,0.64,3.77,0.74,2.22,0.32,2.03,0.34
246665.4076,102251.2339,66381.83352,25749.63279,66680.64853,26113.38316,7803.389104,6173.231846,1239.132216,622,21.3,20.5,38.9,4.47,18.1,4.07,1.43,4.5,0.69,3.9,0.79,2.44,0.3,2.19,0.31
226705.9365,101880.7584,78196.86712,25267.20408,75042.5305,22700.83877,8882.581214,7731.52338,1239.132216,519,28,13,27.5,4.1,18.4,4.53,1.4,4.89,0.73,4.34,0.95,2.63,0.4,2.4,0.37
228528.9327,85579.83709,76020.41356,43720.10252,83047.06709,19436.66587,9131.625547,6712.640454,1239.132216,429,17,11.8,26.9,3.57,16.9,3.92,1.22,3.76,0.58,3.33,0.66,1.78,0.26,1.68,0.27
231333.5422,84150.86021,65993.1811,40101.88714,78901.86064,17136.9077,13531.40876,6472.903295,1316.57798,462,20,21.8,42.9,5.62,24.8,5.56,1.62,4.65,0.79,4.06,0.86,2.36,0.33,2.12,0.37
228622.4197,82933.58362,71045.66257,40946.13739,81331.80925,18472.25115,9131.625547,6353.034716,1471.469507,406,19,13.9,30.3,4.08,18.6,4.41,1.45,4.02,0.67,3.99,0.79,2.38,0.33,2.23,0.34
226378.732,75947.47447,68091.90417,59338.73225,81975.03094,16543.42172,8882.581214,5813.626108,1316.57798,391,14,12.7,26.7,3.6,16.8,3.75,1.12,3.43,0.54,2.88,0.59,1.57,0.23,1.44,0.23
226986.3974,81187.05633,68636.01756,42936.15585,85405.54662,19585.03737,8467.507325,6173.231846,1394.023743,385,19,12.8,28.7,3.9,17.8,4.33,1.36,4.13,0.72,4.14,0.8,2.45,0.32,2.27,0.35
236241.6089,95741.4504,65604.52868,28282.38356,59033.45733,24703.85395,14527.5861,6113.297557,1394.023743,560,18,25.3,54.6,6.23,26.4,5.3,1.59,4.61,0.68,3.43,0.68,1.89,0.24,1.72,0.26
235166.5086,96429.4763,74621.26484,31960.90253,75614.28312,19659.22312,4897.871884,5873.560398,1394.023743,348,25,11.3,23.1,3.47,16.7,4.33,1.35,4.42,0.76,4.81,1,3.13,0.41,2.87,0.45
230398.6724,77164.75106,75709.49162,54695.35584,89050.46953,16543.42172,6641.182216,5753.691818,1471.469507,381,19,10.4,22.4,3.13,14.7,3.64,1.22,3.8,0.62,3.77,0.79,2.29,0.33,2.15,0.33
302196.6762,85050.58639,32024.9595,7718.859479,26657.9656,32864.28619,24655.38898,3715.925966,774.4576352,352,24.3,23.9,46.4,5.47,20.8,4.33,1.15,4.06,0.69,4.32,0.88,2.78,0.38,2.81,0.45
324633.5524,79493.45411,19354.89057,5186.108713,19082.24347,30638.71376,28391.05397,2217.568722,619.5661082,322,13.2,22.1,43.92,4.05,13.7,2.52,0.8,2.22,0.36,2.04,0.44,1.39,0.22,1.66,0.3
272795.0197,87855.61507,46793.7515,27136.61536,58032.89026,22181.53854,13282.36443,3835.794545,1006.794926,484,15.2,15.9,32.9,4.05,16.2,3.52,0.99,3.25,0.51,2.87,0.56,1.85,0.25,1.69,0.29
302290.1632,88649.49111,36222.40564,11457.68204,40094.15201,28709.88433,14444.57132,2936.780199,697.0118717,636,19.7,15.1,25.3,3.88,16.6,3.61,1.03,3.68,0.59,3.25,0.76,2.2,0.25,2.05,0.28
275552.8857,89655.06742,49592.04893,23096.27485,55674.41073,23739.43924,7969.418659,3715.925966,929.3491622,460,21,13.3,27.5,3.9,16.7,3.89,1.03,3.77,0.62,3.98,0.8,2.32,0.36,2.41,0.4
255686.9016,98440.62893,58997.43752,26111.45433,60462.83886,25074.78269,9297.655102,4315.268864,1316.57798,713,23,15.3,32.82,4.36,18.9,3.87,1.24,3.73496455,0.56,3.41,0.728208079,2.05,0.308582201,1.96,0.31
255686.9016,98440.62893,58142.40219,25508.41844,60391.36979,24629.66821,9380.66988,4255.334574,1239.132216,714,24,15.59,33.03,4.44,19.67,4.27,1.35,4.149868138,0.64,4.04,0.830541463,2.24,0.342424845,2.21,0.35
254518.3143,95423.89998,61795.73495,24724.47177,59891.08625,25519.89718,8467.507325,4914.611761,1471.469507,845,35,15.57,32.32,4.3,18.91,4.2,1.34,4.104632632,0.63,3.99,0.811342683,2.16,0.33164736,2.15,0.34
246291.4597,99552.05539,62417.57882,28825.11587,66466.2413,24407.11096,7305.300437,4435.137443,1316.57798,890,30,17.33,34.94,4.65,18.95,4.1,1.3,3.951252934,0.6,3.38,0.68,2.01,0.31,2.02,0.3
247179.586,98969.87962,62028.9264,28161.77638,66037.42684,24110.36797,7471.329993,4674.874602,1394.023743,685,26,13.3,28.33,3.87,17.67,4.02,1.34,4.077070305,0.62,3.76,0.741455793,1.9,0.300072399,2,0.36
245683.7943,98652.32921,62650.77028,27739.65125,66966.52484,24332.92522,7222.28566,4614.940312,1316.57798,679,26,13.54,29.22,4.04,17.96,4.31,1.19,3.75684796,0.6,3.65,0.73,2.12,0.3,2.11,0.3
248301.4298,97382.12754,60474.31672,26232.06151,64322.169,24555.48246,8301.47777,4495.071733,1316.57798,645,25,15.33,32.28,4.37,19.31,4.62,1.38,4.25801233,0.66,3.960841375,0.76,2.15,0.323204678,2.05,0.313229814
258257.7936,96588.2515,56898.71444,24242.04305,59676.67902,27003.61213,9629.714213,4255.334574,1394.023743,862,33,18.95,39.06,5.25,22.48,5.06,1.41,4.448843503,0.71,4.32,0.88,2.54,0.38,2.54,0.37
262558.1949,94788.79915,54799.99137,22855.06049,56674.9778,24926.4112,9214.640324,3835.794545,1316.57798,845,32,15.64,32.58,4.39,19.02,4.31,1.21,3.847318973,0.62,3.79,0.77,2.26,0.34,2.34,0.35
256621.7714,95741.4504,59230.62897,24000.82869,59605.20994,25890.82592,9712.728991,4435.137443,1394.023743,677,24,23.43,46.8,5.85,24.29,5.2,1.46,4.5372094,0.71,4.29,0.87,2.55,0.37,2.56,0.36
248862.3517,98334.77879,61251.62156,26895.401,65465.67423,24407.11096,7803.389104,4614.940312,1239.132216,682,26,14.22,30.2,4.11,18.78,4.05,1.33,3.976710145,0.59,3.95,0.808609909,2.17,0.323981347,2.04,0.32
252975.779,94735.87408,61718.00447,23639.00716,59533.74087,28264.76984,9048.610769,4854.677471,1394.023743,664,27,16.27,33.64,4.58,19.28,4.19,1.51,4.515325989,0.67,3.81,0.772598323,2.05,0.320855493,2.12,0.33
255266.2101,95741.4504,57054.17541,23940.5251,59819.61717,26410.12615,8882.581214,4614.940312,1316.57798,679,26,13.08,27.86,3.86,16.56,3.98,1.13,3.623246557,0.59,3.68,0.74,2.17,0.33,2.19,0.32
245777.2813,100716.4069,60396.58623,26955.70459,61177.52963,27226.16937,8550.522103,4435.137443,1239.132216,871,33,17.89,36.37,4.67,19.87,4.46,1.24,3.955463165,0.64,3.82,0.77,2.25,0.32,2.18,0.32
248862.3517,98017.22838,61873.46543,27558.74048,63964.82362,23887.81073,7554.34477,4375.203153,1316.57798,870,37,16.73,34.12,4.41,19.08,4.25,1.27,3.870671069,0.59,3.83,0.781642835,2.09,0.323942993,2.12,0.33
243019.4152,99234.50497,62339.84834,31056.34869,64608.04531,24407.11096,6973.241327,4674.874602,1316.57798,907,30,11.43,25.12,3.59,15.49,3.53,1.15,3.548343608,0.55,3.24,0.67,1.96,0.3,1.97,0.3
261529.8381,97487.97768,56199.14009,23397.7928,57747.01395,26632.68339,8882.581214,4375.203153,1239.132216,870,33,13.74,29.34,3.95,17.77,3.93,1.18,3.711612454,0.59,4.16,0.838739787,2.21,0.345478785,2.28,0.36
247086.099,97752.60303,63194.88367,29066.33023,66180.365,22923.39601,6724.196994,4435.137443,1316.57798,895,33,17.95,36.2,4.81,19.94,4.25,1.32,4.041723946,0.62,3.54,0.72,2.12,0.32,2.13,0.32
266531.3917,96641.17657,50369.35377,19658.97024,48670.44121,29674.29904,12120.15754,3895.728835,1084.240689,832,31,16.01,33.88,4.45,18.87,4.06,1.21,3.737069665,0.58,3.74,0.77165503,2.09,0.325477155,2.14,0.34
238765.7574,87961.46521,62806.23124,46433.76406,63321.60193,22329.91003,10459.86199,5154.34892,1316.57798,971,24,29.77,57.71,7.12,29.14,6.1,1.8,5.386158441,0.8,4.49,0.88,2.49,0.35,2.37,0.34
244702.1809,91136.96936,59697.01188,41669.78047,64750.98346,27300.35512,7139.270882,5394.086079,1006.794926,584,17.2,9.9,21.2,3.3,14.8,3.8,1.31,4.31,0.554,3.41,0.679,1.78,0.262427911,1.63,0.245
247506.7905,87326.36437,58220.13268,43659.79893,61820.75132,26484.3119,6890.226549,5454.020369,1084.240689,561,22.5,12.5,27.1,4.1,18.7,4.8,1.63,5.37,0.697,4.31,0.854,2.26,0.332462384,2.06,0.308
250358.1435,81028.28113,57598.2888,46855.88918,58747.58102,25223.15419,7056.256104,5633.823238,1239.132216,529,16.2,9.5,20.3,3.1,13.7,3.4,1.22,3.88,0.512,3.17,0.636,1.67,0.24703356,1.54,0.231
249610.2476,93941.99804,84648.49731,19478.05947,52172.42597,25371.52568,1245.221665,5334.15179,464.6745811,290,24,5,14,2.32885297,12.5,3.601334676,1.2,3.987193798,0.677160633,4.3,0.920820122,2.6,0.367911102,2.18,0.333093168
293549.1301,88914.11645,38476.58969,14352.25434,45025.5183,27448.72662,4150.738885,2637.10875,929.3491622,339,16.3,6.1,15,2.15071696,10,2.539327065,0.7,2.377545524,0.413761498,2.7,0.555571646,1.5,0.234678766,1.55,0.236832298
262698.4254,106379.3893,34667.79596,10372.21743,42881.446,34125.4439,31130.54164,4375.203153,1006.794926,664,20.2,16.6,35,4.527602886,18.5,4.441449565,1.1,3.508868479,0.567738259,3.4,0.701504573,1.9,0.298538238,1.98,0.302534161
302664.1111,88914.11645,27516.59141,13508.00409,32875.77527,31751.49998,14195.52699,2337.437301,619.5661082,565,10.3,10.3,22,2.680570141,10,2.473607705,0.65,1.990076632,0.305242723,1.7,0.376346037,1.1,0.157778921,0.95,0.14515528
261763.5555,92618.87131,49980.70135,21709.29229,67037.99392,15504.82125,2739.487664,4495.071733,1161.686453,575,26,10.45,23,3.162390368,14,3.844223078,1.2,3.87933472,0.638027842,3.9,0.859367378,2.5,0.392409744,2.6,0.397267081
295652.5873,90766.49388,32413.61192,13206.48614,35734.53833,34867.30138,11290.00977,3056.648778,619.5661082,687,8.1,6.5,17,2.149805991,8.5,2.230719302,0.65,1.909182323,0.27589313,1.4,0.274803354,0.7,0.107726902,0.7,0.106956522
312246.527,89972.61784,23785.52817,4402.162047,32518.42988,31528.94273,10957.95066,2157.634432,309.7830541,570,11,16.2,28,3.540856926,14,3.055590751,0.6,1.899220205,0.304339124,1.8,0.404506098,1.2,0.160128106,0.88,0.134459627
237176.4787,81610.45689,82005.66084,41307.95893,67395.3393,22552.46727,4067.724107,9949.092102,2942.939014,351,28,9.77,20.47,2.889660906,13.2,3.88,1.43,4.456627535,0.7,4.01,0.801618445,2.09,0.287890198,1.65,0.24
245403.3333,91877.92034,70890.2016,24121.43587,64536.57623,25445.71143,3071.546775,7252.049062,2245.927142,358,20,7.3,17,2.505167041,12,3.454652514,1.15,3.599724906,0.568641858,3.3,0.724532012,2.1,0.278690023,1.52,0.232248447
243533.5936,90766.49388,65759.98964,37147.01124,62178.0967,25074.78269,3735.664996,6293.100426,1084.240689,345,21,6.5,14,2.075023649,10,2.867923868,0.95,3.128440122,0.52589467,3.3,0.707469512,2,0.293983696,1.82,0.278086957
274851.7333,91031.11923,40653.04324,15739.23691,50028.35367,33235.21493,14112.51221,5513.954659,542.1203446,1400,11.4,19.9,44,5.970330655,26,5.787330299,1.2,3.393968866,0.461930281,2.1,0.40367378,1,0.142389363,0.85,0.129875776
239934.3447,80922.43099,78896.44148,45649.81739,62892.78747,22552.46727,4814.857106,10009.02639,1239.132216,356,26,9.33,20.35,2.915098497,13.54,4.14,1.51,4.708262277,0.74,4.29,0.861697866,2.26,0.314052446,1.82,0.26
258024.0762,87326.36437,54877.72185,39197.33329,53244.46212,27077.79788,7388.315215,6412.969006,929.3491622,482,17.7,11.7,24,3.441147137,16,4.168074282,1.2,3.690581332,0.569545457,3.2,0.628121951,1.6,0.227055901,1.35,0.206273292
273916.8635,91189.89443,50291.62329,18091.0769,42095.28616,26855.24063,20504.65009,3715.925966,1084.240689,628,71,13.15,22,4.3050778,26,6.904559429,2.05,7.041780146,1.240380896,8.2,1.899625,5.8,0.848103649,5.22,0.797590062
265970.4698,89178.7418,52701.2683,23156.57844,50171.29182,25297.33994,19508.47276,3955.663125,1161.686453,652,24,10.2,22,3.289760513,16,3.839477479,0.95,3.209334431,0.555244263,3.6,0.843137195,2.6,0.370979425,2.22,0.339204969
243066.1587,104368.2367,65293.60674,14533.16511,55388.53442,26039.19741,20006.56143,5573.888949,1394.023743,665,52,11.6,21,3.417130659,18,10.27522922,5.6,14.70600105,1.744780334,5.6,1.338088415,4.2,0.586529115,3.42,0.522559006
231380.2857,79599.30425,79906.93777,40282.79791,65751.55054,22033.16704,5312.945773,9709.354943,2942.939014,351,28,10,21,3.112535473,15,4.203306762,1.35,4.313692616,0.699437826,4.2,0.875597561,2.4,0.315653727,1.7,0.259751553
285135.3016,90607.71867,38087.93726,12121.02153,34662.50218,37241.2453,5312.945773,2637.10875,929.3491622,388,18,8.1,18,2.479328624,11,2.832691388,0.8,2.613187916,0.435135092,2.7,0.589696646,1.7,0.250116266,1.55,0.236832298
295652.5873,87855.61507,31791.76804,17488.04101,37878.61063,32641.72895,13780.4531,3356.320227,619.5661082,745,12.7,8.4,18,2.479328624,11,2.832691388,0.8,2.478364068,0.386219103,2.2,0.500083841,1.5,0.203995536,1.15,0.175714286
276254.0381,91295.74457,38243.39823,20985.64921,41452.06447,36351.01633,17018.02943,3895.728835,851.9033987,780,11.8,14.6,28.5,3.883298767,17,4.001403081,0.95,2.777898116,0.398713098,2,0.42670122,1.2,0.167798913,0.98,0.14973913
244935.8984,88914.11645,56276.87057,42815.54867,62535.44209,27671.28386,12120.15754,5034.480341,1161.686453,615,16.2,10.95,22.5,3.226075441,15,3.743271238,1,3.0844727,0.47788228,2.7,0.572634146,1.6,0.229357143,1.38,0.210857143
284434.1492,92407.17103,33346.37773,16281.96921,32661.36804,39466.81773,22829.06387,3536.123096,697.0118717,992,9.4,16.55,33,4.325450398,18,4.097609322,0.9,2.579182612,0.358676708,1.7,0.342221037,0.9,0.126999806,0.75,0.114596273
287472.4762,89707.99249,30392.61933,11759.19999,36806.57448,35238.23011,22580.01953,2637.10875,774.4576352,925,11.2,11.1,22,2.832867734,11.5,2.913654189,0.8,2.370504989,0.347086312,1.8,0.370381098,1,0.147758929,0.92,0.140571429
288173.6286,89707.99249,42829.4968,12301.9323,40808.84278,29006.62732,12784.27577,3536.123096,1006.794926,295,24,8.55,20,2.833778704,13,3.419420034,1,3.381085166,0.585497456,3.8,0.848269817,2.5,0.380903533,2.45,0.374347826
251246.2698,86162.01285,81694.73891,18211.68408,52887.11674,26781.05489,5728.019661,6832.509034,2013.589852,348,27,7.15,21.5,3.150382129,15,4.334745483,1.45,4.657194087,0.759944211,4.6,0.954112805,2.6,0.378650233,2.32,0.354484472
302897.8286,88649.49111,22308.64897,10914.94973,18367.5527,54600.71024,19093.39887,1857.962983,542.1203446,923,7.5,6.35,13,1.79626688,8,1.95259842,0.5,1.474824426,0.214483145,1.1,0.224448171,0.6,0.10767896,0.8,0.122236025
295652.5873,87749.76493,31791.76804,17548.3446,37378.3271,30416.15652,13531.40876,2697.04304,697.0118717,625,12,9.35,22,2.985165327,13,3.156542592,0.8,2.424434529,0.366652707,2,0.44376372,1.3,0.180887228,1.05,0.160434783
268775.0793,88384.86576,65215.87625,30031.18766,63250.13285,22700.83877,22995.09342,5154.34892,1316.57798,435,23,5.35,14,2.278087106,12,6.543462461,3.5,9.191250656,1.090487709,3.5,0.780852134,2.3,0.344754852,2.18,0.333093168
284667.8666,93412.74735,39253.89453,13568.30768,38664.77048,29154.99881,20587.66487,3116.583068,774.4576352,403,19,13.9,25,3.263011127,13.5,7.180667027,3.8,9.979072141,1.183958084,3.8,0.745894817,1.9,0.283196623,1.78,0.271975155
260828.6857,86267.86299,54799.99137,34433.34971,53101.52397,25594.08293,9463.684658,6173.231846,774.4576352,335,16.4,6.8,14,2.176555377,11,3.161288191,1.05,3.256223435,0.508135472,2.9,0.577766768,1.5,0.217035908,1.32,0.201689441
250077.6825,86691.26354,59774.74236,35398.20714,53601.8075,26706.86914,8135.448214,8510.669147,1006.794926,540,28,15.5,35.66952269,4.730578868,20,5.01293477,1.35,4.232798308,0.670088232,3.9,0.825242378,2.3,0.315605784,1.8,0.275031056
257089.2063,95265.12477,54022.68653,24483.25741,58890.51918,23071.76751,19425.45798,5394.086079,1161.686453,950,28,37.5,74,9.15491556,35,8.164731763,1.9,5.79847916,0.885474977,4.9,1.106842988,3.3,0.432681483,2.32,0.354484472
250077.6825,89125.81673,61096.16059,39016.42252,58390.23564,24852.22545,5478.975328,6472.903295,1084.240689,465,20,15.4,28,3.743920383,16,4.036635561,1.1,3.48190371,0.557955061,3.3,0.707469512,2,0.283244565,1.68,0.256695652
247039.3555,86373.71313,68402.82611,34131.83176,56889.38503,27968.02685,6143.09355,8630.537727,1006.794926,480,22,11.25,23,3.162390368,14,3.909942439,1.25,3.970191146,0.638931441,3.8,0.745894817,1.9,0.29086743,1.88,0.287254658
301495.5238,95000.49942,28682.54867,9467.66358,37020.98171,30638.71376,10293.83243,2277.503011,697.0118717,464,10,6.5,15,1.998419367,8.5,2.033561221,0.5,1.582683504,0.253615937,1.5,0.337088415,1,0.142389363,0.85,0.129875776
230912.8508,81081.20619,78196.86712,42453.72714,64822.45254,21217.12382,4316.76844,11207.71219,1006.794926,383,23,12,22,3.391292242,17,4.724316047,1.5,4.694120974,0.741281414,4.3,0.886695122,2.4,0.311818323,1.65,0.252111801
317855.746,82298.48279,24096.45011,6090.662558,26657.9656,27671.28386,21998.91609,2517.24017,929.3491622,327,23,12.55,27,3.566695343,15,3.677551877,0.95,3.101475352,0.516111472,3.2,0.764621951,2.4,0.365513975,2.35,0.359068323
265035.6,96694.10164,46405.09908,20563.52408,57532.60672,21291.30956,13282.36443,4914.611761,1006.794926,400,30,11.1,24,3.542678865,17,4.329999883,1.2,4.041123338,0.696727029,4.5,0.960077744,2.7,0.427024262,2.85,0.435465839
274851.7333,96323.62616,47571.05634,16643.79075,56317.63242,23961.99648,6392.137883,4375.203153,1084.240689,429,18,11.05,25,3.41530872,15,3.546113156,0.85,2.731009112,0.445821889,2.7,0.692071646,2.3,0.309469138,1.72,0.262807453
316920.8762,77270.6012,26039.71221,8623.413325,37163.91987,22107.35279,5478.975328,2637.10875,464.6745811,348,11,10.15,21,2.807940287,12,2.92889763,0.75,2.252683793,0.336399515,1.8,0.404506098,1.2,0.169333075,1,0.152795031
303832.6984,82033.85744,34978.7179,12784.36101,41452.06447,17211.09345,16851.99987,2876.845909,774.4576352,273,13.1,4.4,11,1.441816799,6,1.760185937,0.6,1.953149745,0.32390552,2,0.42670122,1.2,0.198482143,1.38,0.210857143
289342.2159,86902.96382,36999.71049,14533.16511,41237.65724,27300.35512,17267.07376,2457.305881,851.9033987,465,14,120,24,3.035020222,12,2.92889763,0.75,2.387507642,0.385315504,2.3,0.511181402,1.5,0.224706716,1.42,0.216968944
256621.7714,88384.86576,61795.73495,29548.75894,55388.53442,26261.75465,8550.522103,7851.39196,1006.794926,572,18.8,22,44,5.767267198,24,5.792075898,1.45,4.387546391,0.662112233,3.6,0.672512195,1.6,0.224754658,1.32,0.201689441
257089.2063,95265.12477,54022.68653,24483.25741,58890.51918,23071.76751,19425.45798,5394.086079,1161.686453,950,28,37.5,74,9.15491556,35,8.164731763,1.9,5.79847916,0.885474977,4.9,1.106842988,3.3,0.432681483,2.32,0.354484472
268775.0793,94735.87408,41119.42615,23277.18562,47884.28137,28561.51283,10044.7881,4135.465994,697.0118717,1320,12.5,9,24,3.59344473,17.5,4.082365881,0.95,2.750933347,0.3889299,1.9,0.398541159,1.1,0.163148486,1.02,0.155850932
299345.3232,90078.46798,30625.81078,17246.82665,36663.63633,29229.18456,14527.5861,2637.10875,697.0118717,650,14,9.7,21.1,2.7,11.9,2.7,0.9,2.6,0.37,1.9,0.398541159,1.1,0.207639169,1.6,0.15
261950.5295,94947.57436,50058.43183,23277.18562,48598.97213,24258.73947,25983.62542,3895.728835,1084.240689,512,18,9,19.5,2.6,11.1,2.8,1,3,0.47,2.8,0.583731707,1.6,0.246232919,1.6,0.24
240308.2927,71342.99344,70190.62724,52222.90867,78115.7008,16024.12148,13199.34965,4435.137443,1394.023743,377,20,3.4,8.5,1.3,6.8,2,0.8,2.3,0.41,2.5,0.550439024,1.6,0.230891304,1.4,0.23
241289.906,68061.63914,67470.0603,59278.42866,82904.12894,15356.44976,12369.20188,4075.531704,1471.469507,413,20,3.5,9.2,1.4,7.1,2,0.7,2.5,0.4,2.6,0.561536585,1.6,0.238298103,1.496558266,0.22
292100.0819,90025.54291,29926.23642,19055.93434,37163.91987,27226.16937,13448.39399,2996.714489,697.0118717,603,15,8.2,17.8,2.4,10.4,2.4,0.8,2.4,0.35,1.8,0.370381098,1,0.153895575,1,0.15
261389.6076,89602.14235,60940.69962,23880.22151,54245.02919,24629.66821,15689.79298,5214.28321,1161.686453,606,26,7.1,16.9,2.4,11.5,2.8,1,3.4,0.57,3.2,0.713434451,2.1,0.315509899,2,0.29
279759.8,89125.81673,39875.7384,26955.70459,46883.71429,24258.73947,13614.42354,3476.188807,774.4576352,564,15,8.5,18.1,2.6,10.6,2.4,0.8,2.3,0.38,2,0.42670122,1.2,0.177003882,1.1,0.17
235306.739,75365.29871,68791.47853,61328.75071,70325.57144,16172.49298,16436.92598,4794.743182,1316.57798,515,20,5.3,12.6,1.9,9,2.4,0.9,2.5,0.44,2.6,0.561536585,1.6,0.246232919,1.6,0.24
226752.68,77535.22655,74388.07339,62474.51891,69396.47345,13946.92055,14361.55654,4914.611761,1316.57798,287,21,3.1,8.5,1.4,6.8,2,0.7,2.3,0.42,2.6,0.578599085,1.7,0.253951669,1.6,0.3
228014.7543,79334.67891,72988.92468,43056.76303,82332.37632,15133.89251,18346.26587,5154.34892,1394.023743,327,20,3.1,8.4,1.3,7,2.3,0.8,2.4,0.44,2.9,0.628954268,1.8,0.269341227,1.7,0.23
238204.8355,90766.49388,73144.38564,38111.86868,77901.29357,17211.09345,10874.93588,4674.874602,1394.023743,439,20,3.4,9,1.4,6.9,2,0.7,2.4,0.4,2.4,0.522278963,1.5,0.223172554,1.4,0.21
233250.0254,92248.39582,72289.35032,29729.66971,69896.75698,18398.06541,14195.52699,4914.611761,1471.469507,498,21,4.4,11.1,1.8,8.7,2.4,1,2.9,0.45,2.5,0.550439024,1.6,0.238562112,1.5,0.22
227874.5238,68961.36532,68402.82611,68263.66352,55388.53442,13798.54906,24240.31509,4375.203153,1316.57798,300,20,4.5,10.7,1.7,7.9,2.1,0.9,2.5,0.38,2.4,0.539341463,1.6,0.223220497,1.3,0.2
279245.6216,95794.37546,36688.78855,20925.34562,37664.2034,25297.33994,12701.26099,3236.451648,619.5661082,512,13,5.2,12.5,1.7,7.3,1.8,0.6,1.8,0.29,1.6,0.331123476,0.9,0.138506017,0.9,0.14
225210.1447,76370.87503,73999.42097,60243.28609,71897.89113,14169.47779,15108.68954,4794.743182,1316.57798,303,21,3.3,8.8,1.4,7.2,2.1,0.8,2.6,0.43,2.7,0.572634146,1.6,0.246232919,1.6,0.25
252788.8051,84944.73625,58142.40219,39981.27996,61963.68947,21958.98129,20587.66487,4375.203153,1316.57798,715,25,17.7,39.4,5.4,23.4,5.1,1.4,4.210671708,0.63,3.9,0.774054878,2,0.307791149,2,0.32
277749.8298,91824.99527,42829.4968,13749.21845,42595.56969,25965.01166,22746.04909,3715.925966,851.9033987,470,23,16.1,30.3,4,16.2,3.4,1.1,3.322166077,0.5,2.9,0.611891768,1.7,0.269293284,1.8,0.27
265035.6,90343.09332,55344.10476,23518.39998,55888.81796,23294.32475,18512.29543,4315.268864,1006.794926,582,25,14.6,31.4,4.2,17.9,3.9,1.2,3.581584852,0.53,3.3,0.656282012,1.7,0.269293284,1.8,0.27
275132.1943,94100.77325,43684.53213,13809.52204,47169.5906,25445.71143,21749.87176,4135.465994,774.4576352,514,29,14.7,30.5,4.2,17.6,3.8,1.1,3.459977711,0.55,3.5,0.712602134,1.9,0.300072399,2,0.33
281068.6178,97752.60303,45472.33326,14774.37947,45883.14722,29303.37031,21749.87176,4015.597415,851.9033987,508,27,14.9,29.6,4.2,18.8,4.2,1.2,3.77452114,0.6,3.9,0.808179878,2.2,0.323228649,2,0.29
280834.9003,97170.42727,40108.92985,14412.55793,43667.60584,28709.88433,16935.01465,3116.583068,929.3491622,447,21,14.1,29.3,3.9,17.7,3.8,1.2,3.77452114,0.6,4,0.836339939,2.3,0.330947399,2,0.29
273075.4806,95794.37546,49125.66602,16342.2728,42095.28616,24926.4112,22413.98998,4255.334574,929.3491622,497,21,14.6,30.7,4.2,17.6,3.7,1.1,3.404853058,0.53,3.2,0.662246951,1.8,0.284682842,1.9,0.3
259613.3549,97435.05261,50136.16232,22674.14972,60248.43163,27448.72662,12618.24621,3895.728835,929.3491622,520,22,12.1,21.1,3.5,15.2,3.4,1.1,3.48190371,0.557955061,3.3,0.701937964,1.96758067,0.289947167,1.8,0.29
271345.9714,96270.70109,33424.10821,14653.77229,46240.4926,30267.78503,16270.89643,3356.320227,774.4576352,614,18,14.2,28.6,4,15.4,3.5,1.2,3.41621089,0.47,2.4,0.501251326,1.376761097,0.198318437,1.2,0.183354037
287005.0413,95370.97491,34823.25693,12121.02153,43882.01307,27893.8411,17018.02943,2577.17446,774.4576352,577,18,13.6,26.1,3.4,14.2,2.6,0.9,2.748203874,0.42,2.6,0.527411585,1.4,0.223124612,1.5,0.22
280320.7219,94788.79915,38087.93726,13688.91486,48384.5649,31158.014,16187.88165,2876.845909,929.3491622,632,18,12.9,25.4,3.3,13.6,2.9,1,2.869811014,0.4,2.3,0.459993902,1.2,0.192345497,1.3,0.19863354
271813.4063,93253.97214,38165.66775,15015.59383,45740.20907,26929.42638,16021.8521,2756.977329,929.3491622,584,19,12.6,26.1,3.3,14.6,3.1,1.1,3.267041423,0.48,3.1,0.63408689,1.7,0.261622477,1.7,0.259751553
243486.8501,96376.55123,57442.82783,27317.52613,65680.08146,22404.09578,9878.758546,3895.728835,1006.794926,642,18,9,19.9,2.8,12.5,2.9,1,3.0844727,0.47788228,2.7,0.576625133,1.623390395,0.240367558,1.5,0.24
277703.0863,92513.02117,36921.98,13990.43281,44239.35846,28932.44157,18844.35454,2996.714489,774.4576352,683,18,14.9,31.5,4,17.2,3.4,1.1,3.129229789,0.43,2.7,0.538509146,1.4,0.200112189,1.2,0.18
264895.3695,90237.24319,42285.38341,22372.63177,55817.34888,27374.54087,15025.67476,3176.517358,1006.794926,509,19,11,23.3,3.1,13,2.8,0.9,2.767935999,0.427159093,2.4,0.518207847,1.476139979,0.221330859,1.4,0.22
266157.4438,94947.57436,48814.74409,15678.93332,51958.01874,25816.64017,20006.56143,3955.663125,851.9033987,617,23,16.6,33.5,4.5,19.3,3.9,1.1,3.680476326,0.63,3.6,0.740762195,2,0.231083075,1,0.28
273309.1981,92301.32089,50602.54522,20684.13126,49170.72475,26039.19741,15025.67476,4375.203153,1006.794926,451,23,10.6,21.9,3,13,3.1,1,3.17299661,0.51,3.6,0.757824695,2.1,0.323180707,2.1,0.35
251246.2698,93148.122,53400.84265,20081.09536,57103.79226,26261.75465,11040.96543,4734.808892,1084.240689,467,33,13.7,27.1,3.9,17.1,3.9,1.3,4.006377587,0.62,4.3,0.886695122,2.4,0.369349379,2.4,0.38
295699.3308,84627.18584,39953.46889,16402.57639,33804.87326,19733.40886,27394.87664,3895.728835,774.4576352,193.66,22.52,24.34,53.38,5.97,24.07,4.59,0.98,4.2,0.6,3.55,0.73,1.96,0.28,2.12,0.34
287612.7066,83992.08501,45394.60278,19478.05947,37735.67248,19065.73714,21915.90131,4075.531704,774.4576352,239.28,20.87,21,49.06,5.52,22.08,4.36,1.01,4.11,0.62,3.6,0.74,1.94,0.28,2.09,0.36
292707.7473,83886.23487,42129.92244,19538.36306,39593.86847,19955.96611,21168.76831,3955.663125,774.4576352,214.07,19.88,20.17,40.01,4.16,19.01,3.91,0.96,3.63,0.56,3.29,0.67,1.85,0.31,1.92,0.31
290697.7771,85209.3616,44306.376,20442.9169,41737.94077,20623.63784,16768.98509,4315.268864,774.4576352,249.52,20.27,21.33,44.14,4.6,20.75,4.14,0.97,3.86,0.6,3.47,0.71,1.94,0.34,2,0.32
292988.2082,82351.40786,42984.95777,18694.1128,36735.10541,18249.69391,22164.94565,3955.663125,774.4576352,248.24,20.08,20.53,42.32,4.39,19.73,4.01,0.93,3.74,0.59,3.35,0.67,1.83,0.31,1.91,0.32
303412.007,85368.13681,35289.63983,13447.7005,32947.24434,19659.22312,23991.27075,3236.451648,464.6745811,255.5,18.52,21.73,53.3,5.82,23.51,4.44,0.99,3.67,0.55,3.09,0.62,1.67,0.26,1.75,0.28
286911.5543,85050.58639,45161.41133,20503.22049,39236.52309,18694.8084,19176.41365,3775.860256,851.9033987,247.1,21.26,19.17,42.83,5.27,19.03,4.28,1.03,4.17,0.61,3.6,0.75,2.05,0.24,2.14,0.35
288267.1155,83356.98418,45005.95036,20020.79177,38235.95602,18101.32242,21500.82742,3955.663125,851.9033987,257.9,21.19,19.94,45.92,5.1,21.24,4.2,1.03,3.88,0.6,3.52,0.71,1.95,0.31,2.05,0.34
284574.3797,79175.9037,47182.40392,21648.9887,39093.58494,17582.02218,30549.43819,3775.860256,851.9033987,273.97,17.84,17.32,37.7,4.03,18.46,3.76,0.98,3.5,0.53,3.1,0.61,1.67,0.29,1.7,0.29
281442.5657,80922.43099,48115.16973,23759.61433,45454.33276,17804.57943,22330.9752,3955.663125,1006.794926,310.3,19.71,18.41,43.87,4.82,20.01,4.07,0.99,3.73,0.56,3.24,0.64,1.78,0.27,1.83,0.3
278824.9301,80922.43099,50991.19764,23337.48921,41452.06447,17582.02218,28557.08353,4075.531704,929.3491622,300.7,20.4,22.52,40.88,5.12,17.74,4.23,1.13,4.04,0.6,3.31,0.65,1.76,0.13,1.91,0.31
282330.692,80710.73071,52390.34636,24422.95382,46955.18337,17136.9077,22663.03431,4255.334574,1006.794926,243.3,20.37,19.26,40.6,4.67,19.63,4.09,1.01,3.84,0.55,3.23,0.66,1.78,0.25,1.93,0.33
282564.4095,79175.9037,50058.43183,22432.93536,41952.348,18101.32242,30051.34953,4015.597415,929.3491622,238.73,17.88,19.9,39.31,4.19,19.01,3.87,0.97,3.62,0.54,3.15,0.62,1.7,0.29,1.74,0.29
282283.9486,80075.62988,50991.19764,23096.27485,46812.24522,18546.4369,24821.41853,4135.465994,1006.794926,252.41,19.79,20.12,41.47,4.8,20.4,4.18,1,3.82,0.58,3.28,0.66,1.8,0.27,1.84,0.3
277562.8559,79758.07946,49980.70135,22553.54254,45025.5183,18546.4369,27726.93575,4015.597415,929.3491622,266.49,19.44,19.73,44.03,4.87,20.63,4.22,1.03,3.93,0.57,3.28,0.66,1.79,0.27,1.82,0.31
279713.0565,79493.45411,50680.27571,23337.48921,44310.82753,18398.06541,28225.02442,4015.597415,929.3491622,314.28,19.82,26.52,44.2,5.11,20.81,4.22,1.03,3.88,0.57,3.34,0.67,1.78,0.24,1.94,0.32
299345.3232,78382.02766,39176.16404,16945.3087,34733.97126,19362.48013,32292.74852,3176.517358,697.0118717,261.09,15.39,16.58,37.63,4.07,16.15,3.15,0.78,2.84,0.4,2.45,0.48,1.29,0.19,1.47,0.25
301028.0889,76900.12572,33812.76063,16523.18357,33447.52788,20104.3376,35530.32485,3116.583068,542.1203446,283.9,19.69,19.7,50.81,5.51,22.13,4.38,1.07,3.88,0.6,3.28,0.67,1.84,0.29,1.95,0.33
300981.3454,80075.62988,36377.86661,15678.93332,31374.92466,19955.96611,38601.87163,3116.583068,697.0118717,181.39,18.72,23.1,42.66,4.41,20.19,4.11,0.9,3.58,0.55,3.15,0.61,1.73,0.29,1.85,0.3
297241.866,80022.70481,38010.20678,13990.43281,37521.26525,20623.63784,32043.70419,3116.583068,774.4576352,295.92,23.68,39.21,73.18,7.69,30.22,5.63,1.16,4.66,0.71,3.9,0.78,2.13,0.34,2.26,0.36
290090.1117,82721.88334,43295.87971,14533.16511,38021.54879,20252.7091,41092.31496,3176.517358,929.3491622,293.62,19.73,23.75,51.13,5.91,23.75,4.9,1.13,4.25,0.6,3.44,0.68,1.85,0.27,2.11,0.37
299205.0927,80975.35606,40575.31276,17005.61229,27515.59452,16395.05022,37439.66474,3296.385937,851.9033987,164.05,20.74,22.24,47.99,5.54,22.37,4.49,0.98,3.97,0.57,3.34,0.68,1.8,0.25,1.96,0.33
303645.7244,78540.80287,36066.94467,14412.55793,32375.49173,19585.03737,35613.33963,2816.911619,774.4576352,283.56,15.9,20.21,37.5,3.88,17.11,3.39,0.87,2.98,0.45,2.57,0.52,1.43,0.24,1.54,0.26
299719.2711,77799.8519,38398.8592,15317.11178,32947.24434,18991.55139,37522.67952,2996.714489,697.0118717,296.7,17.37,18.95,37.62,4.67,16.3,3.79,0.96,3.42,0.49,2.87,0.56,1.56,0.16,1.67,0.27
302523.8806,78752.50314,36844.24952,14472.86152,32875.77527,20178.52335,36526.50219,2816.911619,697.0118717,314.1,16.3,19.85,38.99,4.42,18.3,3.66,0.91,3.18,0.48,2.7,0.54,1.49,0.24,1.63,0.26
306310.1035,76635.50037,32180.42046,12543.14665,29874.07405,19288.29438,37937.75341,2457.305881,619.5661082,293.2,15.03,17.88,34.07,4.05,13.79,3.22,0.87,2.83,0.41,2.37,0.48,1.3,0.11,1.48,0.24
307431.9473,78011.55217,33190.91676,13206.48614,29874.07405,19733.40886,38020.76819,2637.10875,697.0118717,288.7,14.99,21.09,38.23,4.51,14.96,3.38,0.88,3.1,0.44,2.58,0.51,1.36,0.12,1.55,0.25
296306.9962,79705.15439,39642.54695,15920.14768,29659.66682,17507.83644,36028.41352,3056.648778,774.4576352,256.8,18.18,19.84,43.21,4.85,20.19,4.03,0.97,3.4,0.51,2.97,0.6,1.65,0.26,1.74,0.28
294530.7435,81187.05633,39642.54695,15920.14768,25728.8676,15875.74999,37854.73863,3116.583068,774.4576352,232.8,18.35,23.63,49.15,5.21,21.5,4.13,1,3.62,0.54,3.08,0.62,1.73,0.27,1.83,0.3
302757.5981,79228.82877,36921.98,14533.16511,24228.01699,16024.12148,39265.98985,2876.845909,774.4576352,195.7,17.36,21.35,45.4,4.91,19.84,3.8,0.92,3.33,0.5,2.79,0.58,1.58,0.25,1.68,0.28
292567.5168,79705.15439,41508.07857,16764.39793,31017.57927,17804.57943,37356.64996,3236.451648,774.4576352,271,18.14,17.06,40.82,4.72,19.69,3.98,0.97,3.56,0.52,3.01,0.61,1.61,0.26,1.76,0.29
300186.706,79916.85467,37155.17145,14894.98665,26872.37283,17211.09345,37688.70907,2936.780199,774.4576352,244.3,16.82,20.48,46.25,4.87,19.83,3.82,0.93,3.3,0.49,2.77,0.56,1.54,0.25,1.65,0.27
299438.8101,78117.40231,39176.16404,13085.87896,33804.87326,20549.45209,41756.43318,2876.845909,851.9033987,328.89,20.18,22.7,47.97,5.62,22.74,4.6,1.03,3.94,0.55,3.04,0.62,1.74,0.25,2.05,0.34
302103.1892,77799.8519,36688.78855,15678.93332,30088.48128,17878.76517,35613.33963,3236.451648,697.0118717,302.8,21.73,26.84,60.79,6.67,27.12,5.24,1.13,4.45,0.66,3.73,0.76,2.08,0.32,2.2,0.36
294857.9479,80234.40509,38476.58969,13869.82563,35806.00741,20475.26634,36443.48741,2936.780199,774.4576352,360.2,20.01,17.73,44.21,5.08,22,4.38,1.09,3.84,0.57,3.23,0.67,1.8,0.29,1.88,0.31
292427.2863,81081.20619,39098.43356,14533.16511,36306.29095,19436.66587,40179.15241,3116.583068,774.4576352,361.2,19.24,19.4,41.95,5.17,18.05,4.21,1.08,3.83,0.55,3.12,0.62,1.67,0.16,1.9,0.3
300747.6279,78805.42821,37699.28484,16583.48716,31303.45558,18027.13667,35364.2953,3416.254517,697.0118717,322.8,22.27,24.07,54.53,6.63,23.68,5.22,1.21,4.63,0.66,3.77,0.75,2.14,0.24,2.26,0.36
300326.9365,77005.97586,39953.46889,14472.86152,32875.77527,19659.22312,41341.35929,3116.583068,774.4576352,270.88,18.11,19.98,48.93,5.85,24.13,4.97,1.13,4.16,0.56,3.13,0.63,1.69,0.25,1.93,0.33
310984.4527,78540.80287,34823.25693,11819.50358,24656.83145,15430.6355,41258.34452,2697.04304,697.0118717,209.5,22.11,30.43,57.24,6.7,26.84,5.14,1.16,4.21,0.6,3.37,0.68,1.87,0.27,2.19,0.37
301308.5498,76688.42544,36999.71049,12844.6646,31517.86281,20252.7091,40428.19674,2816.911619,774.4576352,344,18.7,17.42,36.46,4.81,17.98,4.37,1.07,3.94,0.51,3,0.59,1.62,0.14,1.82,0.29
295278.6393,77799.8519,39564.81646,14714.07588,33590.46603,19807.59461,40843.27063,2996.714489,774.4576352,377.3,18.91,24.71,55.81,6.23,25.34,4.97,1.13,4,0.56,3.14,0.63,1.71,0.28,1.9,0.3
294857.9479,80234.40509,38476.58969,13869.82563,35806.00741,20475.26634,36443.48741,2936.780199,774.4576352,360.2,20.01,17.73,44.21,5.08,22,4.38,1.09,3.84,0.57,3.23,0.67,1.8,0.29,1.88,0.31
292427.2863,81081.20619,39098.43356,14533.16511,36306.29095,19436.66587,40179.15241,3116.583068,774.4576352,361.2,19.24,19.4,41.95,5.17,18.05,4.21,1.08,3.83,0.55,3.12,0.62,1.67,0.16,1.9,0.3
300747.6279,78805.42821,37699.28484,16583.48716,31303.45558,18027.13667,35364.2953,3416.254517,697.0118717,322.8,22.27,24.07,54.53,6.63,23.68,5.22,1.21,4.63,0.66,3.77,0.75,2.14,0.24,2.26,0.36
300326.9365,77005.97586,39953.46889,14472.86152,32875.77527,19659.22312,41341.35929,3116.583068,774.4576352,270.88,18.11,19.98,48.93,5.85,24.13,4.97,1.13,4.16,0.56,3.13,0.63,1.69,0.25,1.93,0.33
310984.4527,78540.80287,34823.25693,11819.50358,24656.83145,15430.6355,41258.34452,2697.04304,697.0118717,209.5,22.11,30.43,57.24,6.7,26.84,5.14,1.16,4.21,0.6,3.37,0.68,1.87,0.27,2.19,0.37
309021.226,77852.77697,31714.03756,12181.32512,27444.12544,18027.13667,43997.83218,2697.04304,542.1203446,300.51,18.19,28.31,54.11,5.55,24.28,4.45,1,3.67,0.52,2.9,0.59,1.66,0.29,1.83,0.31
301308.5498,76688.42544,36999.71049,12844.6646,31517.86281,20252.7091,40428.19674,2816.911619,774.4576352,344,18.7,17.42,36.46,4.81,17.98,4.37,1.07,3.94,0.51,3,0.59,1.62,0.14,1.82,0.29
295278.6393,77799.8519,39564.81646,14714.07588,33590.46603,19807.59461,40843.27063,2996.714489,774.4576352,377.3,18.91,24.71,55.81,6.23,25.34,4.97,1.13,4,0.56,3.14,0.63,1.71,0.28,1.9,0.3
297335.353,76476.72516,39798.00792,14533.16511,32875.77527,19733.40886,40013.12285,3056.648778,851.9033987,343.2,20.02,21.62,46.64,5.92,21.11,4.83,1.11,4.31,0.57,3.12,0.62,1.69,0.15,1.91,0.31
303225.033,76000.39954,37310.63242,14352.25434,31446.39373,18620.62265,39016.94552,2876.845909,851.9033987,335.4,17.93,25.69,49.55,5.99,21.1,4.75,1.08,4.31,0.56,3.06,0.59,1.59,0.14,1.81,0.3
295979.7917,77005.97586,40108.92985,14955.29024,33590.46603,18991.55139,39930.10807,3116.583068,851.9033987,365.5,16.92,24.77,51.36,5.69,23.72,4.66,1.08,3.74,0.52,2.86,0.57,1.53,0.24,1.6,0.27
291539.16,79916.85467,40264.39082,14171.34358,34876.90941,20475.26634,39847.09329,3116.583068,851.9033987,425.2,19.62,25.95,57.97,6.54,27.44,5.35,1.19,4.19,0.59,3.18,0.62,1.71,0.28,1.88,0.31
294530.7435,81663.38196,36688.78855,13206.48614,28301.75436,19585.03737,42586.58096,2816.911619,774.4576352,410.1,16.67,25.01,51.57,5.76,23.72,4.65,1.17,3.69,0.52,2.81,0.57,1.53,0.24,1.63,0.28
282237.2051,80340.25522,45627.79423,15558.32614,39879.74478,20475.26634,40013.12285,3176.517358,929.3491622,438.3,13.81,20.53,40.9,4.48,18.91,3.72,1.08,3.07,0.43,2.31,0.45,1.21,0.19,1.26,0.22
298083.2489,78911.27835,38942.97259,13508.00409,32589.89896,20178.52335,39099.9603,2936.780199,851.9033987,386.3,19.24,27.37,58.16,6.59,27.5,5.3,1.17,4.14,0.57,3.2,0.64,1.71,0.27,1.84,0.3
299345.3232,80393.18029,34201.41305,12663.75383,32446.96081,20772.00933,38767.90118,2876.845909,619.5661082,419.03,14.53,20.97,47.2,5.04,22.24,4.38,1.08,3.44,0.46,2.53,0.51,1.33,0.23,1.44,0.24
301682.4978,82139.70758,33968.2216,12241.62871,24085.07884,18546.4369,51137.10306,2996.714489,542.1203446,334.79,13.87,26.07,46.94,4.96,22.09,4.07,1.07,3.15,0.44,2.36,0.46,1.27,0.22,1.33,0.23
283405.7924,96376.55123,38709.78114,11156.16409,46883.71429,30416.15652,12037.14277,2457.305881,1316.57798,455,10.8,13.9,28.7,3.5,11.1,2.2,0.7,2.3,0.6,1.9,0.5,1.3,0.2,1.7,0.2
281208.8482,98599.40414,37777.01533,10673.73537,47098.12152,30267.78503,13199.34965,2397.371591,1161.686453,441,9.6,12.2,26.17,2.7,10.1,1.9,0.7,2,0.3,1.9,0.4,1.3,0.2,1.5,0.3
235774.174,93677.37269,63117.15318,38654.60099,77615.41726,20772.00933,6558.167438,4075.531704,1316.57798,507,16.4,9.3,20.72,2.7,11.5,2.5,0.9,3.3,0.4,3.3,0.6,2,0.3,1.8,0.3
241336.6495,91507.44485,56976.44493,35398.20714,74041.96343,21365.49531,10376.84721,3596.057386,1316.57798,904,16.2,33.6,65.96,7.7,26.2,5.1,1.5,4.2,0.4,3.2,0.6,1.8,0.3,1.8,0.3
239700.6273,100875.1821,59852.47284,31418.17022,73827.5562,21142.93807,6309.123105,3655.991676,1548.91527,439,16.3,8.9,18.51,2.4,10.6,2.3,0.8,3.2,0.4,2.7,0.7,1.9,0.3,1.9,0.3
240962.7016,101563.208,60085.6643,31478.47381,73827.5562,20920.38083,6475.15266,3715.925966,1471.469507,427,15.9,8.8,18.81,2.5,10.1,2.4,0.9,2.4,0.3,2.7,0.6,1.9,0.3,2,0.3
246525.1771,104897.4874,55732.75718,18392.59485,63821.88547,27151.98363,8716.551658,3236.451648,1471.469507,420,22.7,9.6,18.68,2.7,10.7,2.3,0.8,3,0.4,3.1,0.7,2.6,0.4,2.6,0.4
255125.9797,93836.1479,52934.45975,27558.74048,64036.2927,24629.66821,8550.522103,2996.714489,1548.91527,578,14.9,25.4,48.91,5.5,20.4,3.8,1.1,3.1,0.4,2.6,0.6,1.9,0.3,2,0.3
255032.4927,97593.82782,52001.69394,22493.23895,61320.46778,25742.45442,7969.418659,3116.583068,1626.361034,425,15.5,13.3,26.67,3,11.6,2.4,0.9,2.5,0.4,2.7,0.6,1.9,0.3,2.2,0.4
242598.7238,90448.94346,58297.86316,38051.56509,74828.12327,20846.19508,10459.86199,3655.991676,1316.57798,875,15.6,35.8,70.3,8,28.5,5.1,1.5,4.6,0.5,3.2,0.7,1.7,0.3,2,0.3
271557.6212,93999.46328,30625.81078,13948.85297,39089.78679,37301.43988,10508.64777,2360.119739,591.6856333,849.363857,6.128987216,5.719179584,12.23220414,1.682413898,8.256,1.629602533,0.636658933,1.555754476,0.25037037,1.275518474,0.274028056,0.814399024,0.118415842,0.763870968,0.128947368
284960.161,95246.14658,28060.7048,13894.24119,39215.52576,38675.25131,11047.58555,2164.327564,515.788785,856.6049001,5.599894903,5.383184594,12.02645549,1.718988113,7.966,1.66533943,0.59025522,1.475191816,0.206599327,1.258164482,0.248176353,0.693105552,0.109306931,0.587048984,0.101315789
267502.4757,95766.75271,45472.33326,21124.41255,54578.47959,27836.89821,11786.39031,2192.699497,1054.255967,623.3990043,8.474665925,4.32071395,9.870567532,1.380676623,6.856,1.450918044,0.553132251,1.502046036,0.267878788,1.683337306,0.334348697,1.039658328,0.163960396,1.029103943,0.175
278338.9506,98582.45277,31714.03756,13977.28091,38775.88145,40253.58108,11508.30054,2412.587582,626.5362269,915.1162593,6.30690457,6.945107249,15.13057633,2.04815605,9.956,2.031642631,0.692343387,1.833248082,0.25037037,1.518474374,0.282645291,0.87504576,0.136633663,0.772712067,0.138157895
252755.4179,100476.0895,45860.98569,20039.60506,56721.26263,32027.85445,9256.43814,2862.992242,992.6906427,767.8583964,8.238193691,5.165241898,12.2769321,1.755562329,9.136,2.004839958,0.7387471,1.851150895,0.276632997,1.735399285,0.342965932,1.082977425,0.145742574,0.984898447,0.175
249370.7511,96732.09136,44772.75891,20307.17189,56824.68776,31402.40522,9151.683262,2866.33431,984.4985228,802.3845293,8.827690526,6.427493346,14.6475143,2.139591588,10.266,2.112050651,0.803712297,2.119693095,0.329158249,1.79613826,0.394669339,1.117632703,0.173069307,1.144038232,0.175
224713.8044,98957.12018,49436.58796,41327.83671,87039.53247,18992.74886,2280.338308,1014.689186,1284.298059,483.4055051,4.016326164,0.960764052,2.570963484,0.393172813,2.116,0.557495603,0.413921114,0.669565217,0.145319865,0.885053635,0.20509018,0.571812081,0.08509904,0.534002389,0.081592912
271418.5876,96042.99526,35600.56177,16340.73464,42987.92693,37948.68928,10470.00881,2560.772297,628.0851422,878.2347469,7.061307393,5.582965398,12.411116,1.773849436,8.786,1.692142103,0.618097448,1.707928389,0.25037037,1.466412396,0.274028056,0.909701037,0.127524752,0.73734767,0.138157895
257502.8099,99703.06924,49281.12699,20384.74679,57412.10152,30709.08703,9259.479827,2930.777216,1025.694434,765.7595434,9.028457025,5.800908095,13.50247837,1.929289851,9.646,2.031642631,0.77587007,1.904859335,0.276632997,1.709368296,0.360200401,1.074313606,0.173069307,1.011421744,0.175
254149.2071,94477.62324,47337.86489,22036.15464,52853.65796,30239.30073,9208.74503,3843.755677,974.3334178,898.3837363,11.76277697,9.614905276,20.6947353,2.788783907,12.946,2.791051706,1.119257541,2.737340153,0.416700337,2.655160906,0.523927856,1.559487492,0.236831683,1.409271207,0.230263158
262484.2778,95959.55683,46638.29053,20048.68052,48134.58552,29740.20183,8705.503197,4061.521753,1031.161601,609.7331388,13.19071578,9.73295757,20.01487022,2.807071015,13.526,2.782117482,0.980046404,2.844757033,0.434208754,2.646483909,0.558396794,1.59414277,0.236831683,1.506523297,0.239473684
285990.2929,88339.49739,31480.84611,16749.02111,42163.44384,32411.11045,9181.043912,2347.340981,754.3217367,525.6740737,7.356434245,4.021042743,9.289103974,1.280097531,6.346,1.459852269,0.618097448,1.519948849,0.241616162,1.527151371,0.308496994,0.970347773,0.154851485,1.011421744,0.156578947
273938.4176,95387.04312,39098.43356,17917.25919,46422.47678,30388.83269,9589.89791,2900.265431,789.1576775,557.6932432,9.923399048,5.32869892,12.11591142,1.618409022,7.696,1.82615547,0.655220418,1.869053708,0.337912458,2.091156138,0.386052104,1.256253813,0.182178218,1.152879331,0.211842105
270912.5476,97079.39382,38476.58969,17526.54844,47163.08133,30790.93842,8030.177764,3021.257005,923.3788838,646.3931056,10.61625429,8.388977611,17.46537615,2.450472417,11.766,2.308603588,0.887238979,2.450895141,0.372929293,2.351466031,0.480841683,1.412202563,0.20950495,1.453476703,0.239473684
267863.8405,100766.6171,43062.68825,18689.0174,48918.90284,32770.36644,9906.687888,2663.908194,952.1736989,766.5524434,6.970834294,5.855393769,13.60087989,1.837854313,9.066,1.835089694,0.673781903,1.797442455,0.25037037,1.501120381,0.317114228,0.86638194,0.136633663,0.896487455,0.147368421
267422.31,94046.86531,41819.00051,18776.38653,47422.87817,30941.37457,8297.440612,3365.457036,909.4731098,628.9842855,10.27565655,5.610208235,13.27883854,1.85614142,9.136,2.112050651,0.812993039,2.182352941,0.355420875,2.082479142,0.429138277,1.230262355,0.20039604,1.312019116,0.202631579
251530.819,96952.71581,53323.11217,21197.51903,58500.44086,28127.27247,4695.483184,5378.256582,1289.04962,426.0834959,20.91337891,8.052982621,19.29922276,2.733922585,13.756,3.398578966,1.147099768,3.829411765,0.626801347,4.112896305,0.868617234,2.503843807,0.400792079,2.611660693,0.414473684
247930.1464,95103.22529,49358.85748,18042.3115,57508.5197,26369.03914,5678.677362,5073.027613,1119.991203,418.6325676,19.66671319,6.08241741,14.83537176,2.304175556,12.116,3.237762926,1.091415313,3.560869565,0.609292929,3.843909416,0.816913828,2.451860891,0.364356436,2.346427718,0.396052632
266048.5701,94953.03945,46171.90762,23681.24857,57528.25929,28445.5126,7990.15487,3689.526517,1012.793201,548.2833853,13.08705886,5.156160952,12.03540109,1.746418775,8.936,2.040576855,0.785150812,2.209207161,0.399191919,2.603098927,0.53254509,1.44685784,0.236831683,1.568410992,0.239473684
234540.84,96245.81043,69024.66998,31803.02292,60855.94353,21341.32284,6579.531889,4318.523319,1478.975999,494.6227087,15.29781271,5.93712228,13.16254583,2.002438281,10.826,2.487288076,0.924361949,2.71943734,0.442962963,2.793992849,0.644569138,1.724100061,0.273267327,1.815961768,0.276315789
244548.3284,102361.5437,54799.99137,16773.66604,66579.19783,26691.93636,8988.527994,4615.554723,1176.100782,621.0086439,20.04688385,10.89531862,22.0097375,3.392258458,17.286,3.595131903,1.286310905,3.713043478,0.600538721,3.722431466,0.756593186,2.235265406,0.346138614,1.975101553,0.313157895
249127.6732,104602.3461,52934.45975,23587.91081,66219.46255,27356.70259,7090.955584,3248.556264,1125.565346,611.0157713,11.80580017,4.683951777,10.31784719,1.682413898,8.636,2.076313753,0.803712297,2.262915601,0.337912458,2.212634088,0.463607214,1.368883466,0.20950495,1.37390681,0.221052632
259753.8117,99571.76362,42751.76632,20391.30892,54839.76211,30828.42949,8857.766909,2742.954504,907.7601798,755.1719957,8.235606204,5.80998904,13.43091362,1.929289851,9.546,1.924431938,0.710904872,1.958567775,0.276632997,1.657306317,0.351583166,1.074313606,0.154851485,1.002580645,0.184210526
273681.8334,93398.75994,40808.50421,11631.24294,46303.71927,39534.41599,15628.80488,3138.134899,993.2908241,862.9319035,16.4541074,9.6025,19.8425,2.58,11.275,2.2925,0.759533976,2.425054655,0.385831837,2.219560628,0.5125,1.372114612,0.2,1.5075,0.22
304212.2615,93487.82182,16556.59314,5232.840075,17250.77385,56087.32505,19507.68526,1494.481066,486.3593949,1206.22,6.85,5.94,11.38,1.26,5.7,1.035,0.367199881,0.859536774,0.132979028,0.840117251,0.185,0.499065063,0.075,0.63,0.1
244702.1809,81134.13126,65138.14577,41488.8697,72755.52005,27522.91236,11206.99499,4075.531704,1161.686453,709,19,7.84,15.55,2.23,10.64,2.41,0.81,2.41,0.4,2.38,0.53,1.42,0.21,1.37,0.2
295082.8844,96115.58613,23630.0672,7586.009712,30824.89474,45254.45844,16509.89942,2213.995691,757.4195672,1427.36,12.02,9.935,19.435,2.375,10.08,2.05,0.66557894,1.704161783,0.282583966,1.520662874,0.295,0.885435471,0.15,1.14,0.17
287464.953,98023.03045,28682.54867,8932.710683,29699.44185,46242.55833,18833.23319,2502.525367,800.7276796,1505.89,9.74,10.915,21.07,2.63,10.86,1.955,0.717611747,1.700280857,0.251623201,1.555751263,0.33,0.899183576,0.135,0.955,0.155
242531.5495,92209.21296,61251.62156,22218.36684,57146.47583,32058.27796,14251.83002,4522.173401,1009.323607,761.88,17.38,7.58,16.99,2.405,11.125,2.73,0.961709058,2.932000251,0.461296788,2.848200286,0.615,1.737924254,0.26,1.735,0.27
307338.0413,97358.97346,19821.27347,6970.822238,21294.7337,53966.74093,18282.28761,1970.934342,578.5198535,1420.17,8.16,9.805,19.38,2.42,10.04,1.69,0.489172112,1.162076609,0.192152981,1.191667683,0.245,0.749304852,0.105,0.835,0.115
303462.5322,96383.52998,19976.73444,7153.078181,21941.77377,52502.70406,18270.7899,1971.478965,579.2943111,1497.49,8.47,8.87,17.1,2.065,8.71,1.33,0.517484318,1.244778349,0.168854827,0.978141904,0.185,0.712245113,0.09,0.645,0.105
291023.8863,93753.63486,26894.74754,12510.94796,26732.10489,51500.7359,19036.10528,2690.119634,687.7183801,1605.77,10.6,14.12,27.12,3.295,13.125,2.265,0.693240983,1.841194907,0.278205466,1.498955795,0.33,0.832864484,0.125,1.05,0.145
293894.4505,94509.0258,25651.05979,10942.85937,26294.2509,50741.21457,19624.70912,2629.325204,679.1993461,1630.48,10.65,14.485,28.2,3.34,13.455,2.49,0.69362084,1.921709691,0.252783204,1.533220794,0.265,0.871936829,0.115,0.945,0.125
242322.9134,85246.38867,68713.74804,26593.25475,71090.18136,29560.99132,11154.96819,3792.702756,903.59359,1214.85,20.13,11.47,22.14,2.8,12.265,2.81,0.878675727,2.757107698,0.414305908,2.557792473,0.545,1.65362998,0.195,1.515,0.2
221751.1263,79705.15439,72133.88935,50715.31892,81117.40202,17656.20793,1909.339887,7731.52338,1471.469507,102,23.8,3.34,9.74,1.59,8.8,3.08,1.15,4.19,0.71,4.64,0.98,2.71,0.39,2.5,0.36
260641.7117,85050.58639,69413.3224,36604.27894,58390.23564,18917.36564,7139.270882,5813.626108,1316.57798,229.4,44.9,15.9,37.5,4.84,20.4,6.66,1.37,8.05,1.34,7.8,1.54,4.1,0.59,3.58,0.52
265082.3435,70072.79178,42907.22729,60002.07173,42238.22431,14540.40653,44163.86174,4495.071733,697.0118717,481.8,31.1,53.3,110.4,13.21,50.5,9.9,1.71,7.71,1.06,5.39,1.01,2.73,0.38,2.28,0.34
314116.2666,75418.22378,28449.35722,21950.50664,22298.35192,19288.29438,38684.88641,3476.188807,542.1203446,206,36.6,48.3,100.4,11.6,42,8.21,1.04,6.76,1.06,5.9,1.19,3.34,0.49,2.96,0.44
314630.4451,75947.47447,29926.23642,21468.07793,22441.29007,18249.69391,36858.5613,3476.188807,542.1203446,190.1,36.2,42.1,87.6,10.17,37.2,7.4,1.02,6.32,1,5.78,1.17,3.31,0.49,2.96,0.44
312153.04,80340.25522,26739.28657,14171.34358,24799.7696,23813.62498,37937.75341,3536.123096,464.6745811,355.4,40.1,67.5,124.8,14.3,50.3,9.34,1.53,7.58,1.16,6.36,1.28,3.52,0.5,3.07,0.45
326550.0355,80287.33015,11270.92021,11698.8964,8504.820124,27819.65535,51469.16217,1678.160114,154.891527,284.4,10.2,59.3,117.8,12.9,42.2,6.54,0.74,3.45,0.41,1.84,0.32,0.9,0.12,0.74,0.11
276768.2165,94788.79915,47726.51731,22734.45331,48027.21952,29822.67054,9629.714213,4135.465994,1239.132216,364.8,19.05,4.64,11.53,1.69,7.82,2.18,0.78,2.57,0.45,2.85,0.63,1.83,0.28,1.86,0.29
270037.1536,92036.69554,58220.13268,23880.22151,55245.59627,20846.19508,13614.42354,4555.006023,1161.686453,334.7,29.04,9.245,18.93,3.18,14.45,3.91,1.11,4.27,0.71,4.4,0.96,2.74,0.42,2.67,0.42
247506.7905,100187.1562,73533.03807,28222.07997,68110.03007,20030.15185,3403.605886,5094.414631,1548.91527,240.2,47.76,4.03,8.04,1.62,8.88,2.88,1.14,4.55,0.74,4.85,1.15,3.28,0.46,2.72,0.44
283031.8444,94524.1738,45627.79423,14894.98665,47312.52875,26113.38316,15772.80776,3476.188807,1471.469507,779.6,21.27,19.43,40.91,4.99,19.76,4.12,1.28,3.64,0.55,3.27,0.7,2.07,0.33,2.14,0.35
238391.8095,102145.3838,58064.67171,26533.57946,75042.5305,24110.36797,3154.561553,5813.626108,774.4576352,317,20,6.18,14.91,1.82,9.22,2.74,0.97,3.03,0.53,3.45,0.71,2.21,0.32,2.12,0.34
303832.6984,93783.22283,21842.26606,9648.574349,30946.1102,33235.21493,9795.743768,1977.831562,464.6745811,501,10,7.5,16,1.96,8.1,1.8,0.74,1.8,0.3,1.7,0.4,1,0.15,1.1,0.17
260361.2508,95794.37546,44695.02842,17548.3446,40308.55924,27003.61213,38103.78296,4315.268864,774.4576352,1310,8,10.8,17.5,2.12,8.6,1.86,0.76,1.75,0.28,1.57,0.32,0.91,0.13,0.91,0.14
266905.3397,90501.86853,44306.376,23880.22151,39879.74478,19585.03737,30051.34953,4914.611761,774.4576352,343,25,40.2,75.2,6.99,31.1,5.7,1.29,4.9,0.7,4.4,0.8,2.6,0.37,2.3,0.37
241196.419,66156.33665,55655.0267,47398.62149,51457.7352,12611.57709,48397.6154,5993.428977,1084.240689,1192,33,101.6,194.2,18.62,85.4,14.3,2.13,10.5,1.3,6.5,1.1,3.1,0.39,2.5,0.4
276721.473,88914.11645,46638.29053,17970.46973,39307.99217,26781.05489,52133.28039,4435.137443,929.3491622,1270,28,51.8,98.6,12.2,47,9.1,2.74,7.8,1,5,0.9,2.5,0.36,2.1,0.33
244842.4114,74148.02211,63816.72754,41368.26252,66037.42684,13353.43457,30051.34953,4794.743182,1161.686453,529,19,20.2,42.4,4.42,22.4,4.6,1.18,4,0.6,3.5,0.7,2.1,0.29,1.9,0.3
269289.2578,78646.65301,46249.63811,40162.19073,45525.80184,17359.46494,24406.34464,3775.860256,929.3491622,674,19,40.93,74.46,6.67,27.72,5.27,1.23,4.22,0.59,3.42,0.66,1.89,0.29,1.87,0.29
240495.2667,105585.5133,71123.39305,22794.7569,65179.79792,22626.65302,7720.374326,5813.626108,1781.252561,436,28,7.2,18.3,2.705100075,13,3.3,1.1,3.515102365,0.57,3.9,0.861163839,2.510528708,0.385551621,2.5,0.381987578
247273.073,81504.60675,71667.50644,35639.4215,65751.55054,20846.19508,24655.38898,5693.757528,1316.57798,202,31,10.3,21.6,3.036113386,13.8,3.3,1.2,3.77452114,0.6,2.9,0.677743902,2.085946574,0.337437573,2.3,0.351428571
231146.5682,86267.86299,69491.05289,42634.63791,81975.03094,18917.36564,1411.251221,6412.969006,1161.686453,122,28,2.5,4.8,1.023284132,6.5,2.4,1,3.476182206,0.62,4.5,0.969520148,2.7553401,0.412118808,2.6,0.397267081
223667.6095,114582.7751,81617.00842,30151.79484,83976.16509,11795.53387,1245.221665,5573.888949,1781.252561,268,12,1.8,4,0.708900161,4,1.1,0.5,1.545154815,0.24,2,0.426187699,1.196990355,0.176771575,1.1,0.168074534
232548.873,86003.23764,66770.48594,44202.53124,79473.61326,19362.48013,2158.38422,6353.034716,1161.686453,128,28,1.71,7,1.291341146,7.5,2.23,1.05,3.426736468,0.57,4.6,1.005300305,2.9,0.394902756,2.23,0.340732919
231146.5682,86267.86299,69491.05289,42634.63791,81975.03094,18917.36564,1411.251221,6412.969006,1161.686453,122,28,2.5,4.8,1.023284132,6.5,2.39,1.06,3.582221282,0.62,4.5,0.977140244,2.8,0.409429348,2.52,0.385043478
230445.4159,88384.86576,64360.84093,44624.65637,82904.12894,18768.99415,3735.664996,5933.494687,1161.686453,148,26,1.48,6.2,1.281552361,8,1.96,0.97,3.175101726,0.53,4.3,0.886695122,2.4,0.35017236,2.15,0.328509317
232081.4381,81504.60675,68247.36514,54152.62353,71826.42205,14095.29205,1743.310332,4195.400284,1548.91527,142,14,1.79,5.6,0.931541188,5,1.35,0.6,1.914822897,0.31,2.5,0.550439024,1.6,0.223220497,1.3,0.19863354
251012.5524,79916.85467,97551.75769,25327.50767,51815.08059,18027.13667,830.147777,6532.837585,1626.361034,120,21,2,5.3,0.908833195,5,1.81,0.95,2.919256752,0.45,3.5,0.763789634,2.2,0.300216227,1.7,0.259751553
238391.8095,91824.99527,71667.50644,36785.18971,76757.78834,16469.23597,1743.310332,4794.743182,1626.361034,186,22,4.2,10.6,1.604449759,7.9,2.21,0.9,2.803328528,0.44,3.4,0.735629573,2.1,0.310140334,1.93,0.29489441
217590.9555,100822.257,89856.43975,32744.8492,76114.56665,19288.29438,8218.462992,6712.640454,1394.023743,520,34,18.5,40.9,5.63414966,25,5.34,1.66,5.138733929,0.8,5.3,1.117108232,3.1,0.427216033,2.45,0.374347826
313181.3968,83304.05911,24407.37204,13327.09332,54673.84365,22107.35279,2075.369442,2577.17446,619.5661082,252,18,8.1,17.5,2.258724856,9.2,1.98,0.78,2.343189433,0.35,2.9,0.646016768,1.9,0.282429542,1.77,0.270447205
223667.6095,114582.7751,81617.00842,30151.79484,83976.16509,11795.53387,1245.221665,5573.888949,1781.252561,286,12,1.41,4,0.708900161,4,1.14,0.6,1.721886609,0.24,2,0.37551372,0.9,0.150779309,1.06,0.161962733
304066.4159,78011.55217,33035.45579,12362.23588,29302.32143,24407.11096,32375.7633,3356.320227,619.5661082,267,25,24.5,42,5.158987795,19.5,3.4,0.95,3.344158279,0.604160253,4.1,0.898625,2.6,0.401662655,2.62,0.400322981
294484,83304.05911,39642.54695,14231.64717,38164.48694,27226.16937,21583.8422,4075.531704,697.0118717,308,20,13,24.5,3.275930335,14,2.8,0.94,3.104875883,0.523757311,3.3,0.707469512,2,0.311626553,2.05,0.313229814
259893.8159,93941.99804,45239.14181,11638.59281,44382.29661,28042.2126,39930.10807,3715.925966,1006.794926,1302,20,25.2,48.3,4.76,24.2,4.9,1.45,4.4,0.6,3.6,0.7,2,0.29,2,0.32
262277.734,96852.87685,43606.80164,10975.25332,43095.85323,29748.48479,40677.24107,3895.728835,929.3491622,1312,24,26.3,54.4,5.59,29.3,5.8,1.58,5.2,0.8,4.5,0.8,2.5,0.34,2.3,0.36
298877.8882,89284.59194,44617.29794,4583.072816,6861.03136,61722.54201,2573.458109,3536.123096,402.7179703,381,6,9.3,15.8,1.8,6.5,1.2,0.68,1.1,0.2,1.1,0.2,0.7,0.13,0.9,0.14
265830.2393,104738.7122,41508.07857,7176.127172,52100.95689,19955.96611,17267.07376,6712.640454,116.1686453,269,2,2.3,3.7,0.37,1.4,0.3,0.82,0.3,0.1,0.4,0.1,0.3,0.06,0.5,0.08
307104.7428,80975.35606,28293.89625,13869.82563,27015.31098,22181.53854,34617.1623,3116.583068,542.1203446,306,24,47.8,88,7.95,34.1,5.9,1.11,4.9,0.7,4.1,0.8,2.5,0.38,2.4,0.39
329074.1841,75153.59843,15001.98345,4583.072816,14079.4081,29154.99881,33870.0293,1738.094403,232.3372906,558,14,29.9,61.6,5.53,21.4,3.9,1.43,4.4,0.5,2.4,0.5,1.5,0.2,1.4,0.22
353380.8,75153.59843,5441.133895,904.5538452,5360.18075,21142.93807,39847.09329,419.5400284,774.4576352,81,17,9.15,17.7,2.19466877,8.42,2.19,0.27,1.496981938,0.37,2.116708776,0.38,1.301715828,0.23,1.25,0.190993789
329074.1841,78329.10259,9249.927621,3256.393843,8504.820124,35757.53035,44412.90607,779.145767,232.3372906,1039,11,19.3,48.8,4.93,20.2,4,1.93,3.7,0.4,1.9,0.3,1.1,0.12,0.8,0.13
321828.9428,80869.50592,19277.16008,6573.091275,17295.51655,31528.94273,36028.41352,2157.634432,387.2288176,904,20,66.7,118,12.6,41.9,6.6,1.44,4.9,0.7,3.7,0.7,2,0.32,2.1,0.33
235259.9955,89337.51701,67081.40788,26473.27587,62392.50393,23591.06774,18014.20676,6113.297557,1084.240689,895,19,27,52.1,5.36,27.3,5.5,1.6,4.8,0.7,3.8,0.7,1.9,0.26,1.8,0.26
278450.9822,81716.30703,42829.4968,20442.9169,39951.21386,21291.30956,24821.41853,4614.940312,774.4576352,693,37,54,79,9.96,41,8.9,1.9,8.1,1.3,6.8,1.3,3.7,0.52,3.2,0.5
303458.7505,84838.88612,29848.50594,10734.03896,28015.87805,34273.8154,16935.01465,3116.583068,542.1203446,421,15,13.8,30.1,3.01,12.4,2.6,0.9,2.6,0.4,2.4,0.5,1.4,0.22,1.4,0.22
311779.092,84415.48556,29770.77545,11095.8605,49671.00828,33086.84343,15689.79298,2996.714489,542.1203446,416,13,13.8,29.7,2.85,12,2.4,0.83,2.6,0.3,2.1,0.4,1.3,0.2,1.3,0.2
255873.8755,86320.78806,55888.21815,26835.09741,63893.35454,18249.69391,1328.236443,5214.28321,1471.469507,598,22,15.6,35.05,3.761,18.8,4.34,1.246,4.02,0.63,3.88,0.74,2.39,0.33,2.36,0.361
270504.5886,92618.87131,41585.80905,15437.71896,40951.78093,21217.12382,16270.89643,3536.123096,774.4576352,689,14,7,15.86,1.815,9.6,2.6,0.872,2.53,0.41,2.46,0.49,1.46,0.21,1.44,0.23
286818.0673,74941.89815,39020.70307,6271.573327,30946.1102,42211.69039,11539.0541,5513.954659,851.9033987,1250,34.52,17.36,37.79,4.99,22.31,5.24,1.49,6,0.85,5.53,1.1,4.39,0.43,2.93,0.42
270925.28,83515.75938,45783.2552,19719.27383,41595.00262,23961.99648,33870.0293,4674.874602,1239.132216,771,25,38.9,73.5,7.04,34.7,6.4,1.52,5.7,0.8,4.3,0.8,2.5,0.35,2.3,0.37
269102.2838,85632.76216,50447.08425,19116.23793,42881.446,22626.65302,31462.60075,5394.086079,929.3491622,805,26,41.4,78.6,7.76,37.3,7,1.63,6,0.9,4.8,0.9,2.6,0.38,2.5,0.39
267840.2095,78382.02766,56354.60105,25327.50767,47241.05968,21365.49531,29553.26086,5334.15179,929.3491622,761,24,31.4,58.7,6.26,28.7,6.3,1.97,5.8,0.8,4.2,0.8,2.5,0.32,2.1,0.33
231053.0813,97805.5281,72833.46371,40343.1015,86263.17554,17582.02218,2739.487664,4555.006023,1394.023743,406.2,16.49,4.27,10.83,1.58,7.62,2.16,0.8,2.45,0.41,2.61,0.57,1.64,0.24,1.55,0.24
238017.8616,96482.40137,75087.64775,34734.86766,75256.93773,21736.42405,4482.797996,5274.2175,1471.469507,411.9,19.57,5.83,14.3,2.03,9.52,2.63,0.94,2.91,0.49,3.09,0.67,1.93,0.29,1.85,0.29
334309.4552,78011.55217,23785.52817,5487.626661,20940.43946,30490.34227,17599.13287,2457.305881,619.5661082,160,27.3,10.83,21.93,3.1,12.68,3.09,0.75,3.23,0.58,3.68,0.83,2.54,0.41,2.81,0.46
312713.9619,84680.11091,20831.76977,11156.16409,19082.24347,27819.65535,40096.13763,3176.517358,697.0118717,622,24,45.4,82,9.933065992,36.7,6.48,1.37,4.929397322,0.91,4.474729841,0.61,2.448428764,0.48,2.53,0.386571429
322997.5301,70390.34219,21298.15267,10492.8246,20154.27962,21217.12382,35115.25097,3296.385937,309.7830541,467,26,52.4,95.3,9.07,39.6,6.7,1.17,5.3,0.8,4.4,0.9,2.7,0.4,2.6,0.42
352445.9301,66156.33665,16401.13217,2834.268715,1929.66507,29600.1133,25485.53675,719.2114773,387.2288176,51,85,12.38,17.64,3.87,22.15,7.6,1.05,9.93,1.91,13.63,2.95,9.51,1.44,9.67,1.53
239794.1143,84680.11091,79751.4768,44624.65637,55031.18904,17804.57943,2407.428553,5034.480341,2710.601723,109,16,1.85,4.98,0.72,4.22,1.61,0.63,2.27,0.41,2.87,0.62,1.93,0.28,1.83,0.3
343938.6146,62134.03138,31791.76804,3799.12615,21655.13023,29303.37031,4565.812773,3236.451648,1084.240689,149,38,4.7,13,2.29,12,3.9,1.35,5,0.9,6.3,1.4,4.1,0.66,4.1,0.67
266437.9047,80446.10536,75554.03066,19900.1846,29731.13589,43769.59109,664.1182216,6173.231846,1394.023743,68,22.8,2.68,7.52,1.092,6.64,2.42,0.89,3.19,0.58,3.91,0.84,2.65,0.385,2.61,0.432
350108.7555,61393.08041,24174.18059,1567.893332,2930.232143,41395.64717,1079.19211,1078.817216,154.891527,36,42.8,5.26,12.9,1.917,11.35,3.83,0.99,4.86,0.92,6.76,1.47,4.97,0.757,5.48,0.925
271112.2539,89972.61784,40575.31276,27196.91895,53458.86935,24036.18223,2407.428553,2936.780199,1161.686453,530,15,5.27,13.66,1.67,9.16,2.17,0.77,2.24,0.37,2.37,0.48,1.59,0.22,1.68,0.3
226705.9365,96323.62616,63816.72754,36242.4574,80331.24218,19436.66587,1328.236443,4315.268864,1316.57798,378,17,2.2,6.4,0.9,5.9,1.9,0.64,2.4,0.4,2.9,0.6,1.9,0.29,1.9,0.32
273916.8635,92618.87131,48970.20505,20503.22049,50028.35367,22626.65302,9629.714213,4794.743182,1084.240689,293,35,19,35.9,4.59,20.5,5,2,5.78,1.04,5.99,1.34,3.44,0.61,3.49,0.31
255686.9016,94735.87408,55266.37428,24121.43587,58604.64287,22997.58176,7554.34477,5813.626108,1084.240689,315,23,15.3,30.5,4.136217119,18,3.93,1.15,3.741279896,0.62,3.824553286,0.76,1.858492385,0.23,2.64,0.403378882
273355.9416,87643.91479,43218.14922,25689.3292,56889.38503,22700.83877,3569.635441,6053.363267,1053.262384,229,22,6.1,23.1,2.93,12.4,3,1.04,3.5,0.6,3.9,0.8,2.5,0.39,2.6,0.38
354689.6178,69331.84081,11581.84215,1929.71487,5217.242597,36796.13081,18761.33976,899.0143466,77.44576352,127,26,19,41,4.97,20,4.1,0.55,4.3,0.7,4.4,1,2.9,0.47,2.8,0.46
235587.2,86267.86299,53711.76459,46735.282,62535.44209,30341.97077,332.0591108,5693.757528,1239.132216,120,20,4.26,11.95,1.87,9.36,2.74,0.9,3.03,0.54,3.29,0.74,1.83,0.26,1.71,0.28
292801.2343,94894.64929,24873.75495,3377.001022,12864.4338,38131.47427,46903.3494,2876.845909,387.2288176,923,26,74,139,12.6,47,8.6,2.14,5.9,1,4.9,0.9,2.7,0.39,2.4,0.37
257463.1543,102304.159,41741.27002,11035.55691,35520.1311,26335.9404,36443.48741,6652.706165,1703.806797,725,72,77,157,14.2,56,12,2.7,11,1.9,10,2,6.1,0.9,5.6,0.89
